,GAME_ID,EVENTNUM,EVENTMSGTYPE,EVENTMSGACTIONTYPE,PERIOD,WCTIMESTRING,PCTIMESTRING,HOMEDESCRIPTION,NEUTRALDESCRIPTION,VISITORDESCRIPTION,SCORE,SCOREMARGIN,PERSON1TYPE,PLAYER1_ID,PLAYER1_NAME,PLAYER1_TEAM_ID,PLAYER1_TEAM_CITY,PLAYER1_TEAM_NICKNAME,PLAYER1_TEAM_ABBREVIATION,PERSON2TYPE,PLAYER2_ID,PLAYER2_NAME,PLAYER2_TEAM_ID,PLAYER2_TEAM_CITY,PLAYER2_TEAM_NICKNAME,PLAYER2_TEAM_ABBREVIATION,PERSON3TYPE,PLAYER3_ID,PLAYER3_NAME,PLAYER3_TEAM_ID,PLAYER3_TEAM_CITY,PLAYER3_TEAM_NICKNAME,PLAYER3_TEAM_ABBREVIATION
0,0021400792,0,12,0,1,8:11 PM,12:00,,,,,,0.0,0,,,,,,0,0,,,,,,0,0,,,,,
1,0021400792,1,10,0,1,8:11 PM,12:00,Jump Ball Henson vs. Cousins: Tip to Dudley,,,,,4.0,203089,John Henson,1610612749.0,Milwaukee,Bucks,MIL,5,202326,DeMarcus Cousins,1610612758.0,Sacramento,Kings,SAC,4,201162,Jared Dudley,1610612749.0,Milwaukee,Bucks,MIL
2,0021400792,2,1,5,1,8:11 PM,11:45,Henson 1' Layup (2 PTS) (Antetokounmpo 1 AST),,,0 - 2,2,4.0,203089,John Henson,1610612749.0,Milwaukee,Bucks,MIL,4,203507,Giannis Antetokounmpo,1610612749.0,Milwaukee,Bucks,MIL,0,0,,,,,
3,0021400792,3,2,3,1,8:12 PM,11:23,,,MISS Cousins 3' Hook Shot,,,5.0,202326,DeMarcus Cousins,1610612758.0,Sacramento,Kings,SAC,0,0,,,,,,0,0,,,,,
4,0021400792,4,4,0,1,8:12 PM,11:22,,,Cousins REBOUND (Off:1 Def:0),,,5.0,202326,DeMarcus Cousins,1610612758.0,Sacramento,Kings,SAC,0,0,,,,,,0,0,,,,,
5,0021400792,5,1,5,1,8:12 PM,11:19,,,Cousins 1' Layup (2 PTS),2 - 2,TIE,5.0,202326,DeMarcus Cousins,1610612758.0,Sacramento,Kings,SAC,0,0,,,,,,0,0,,,,,
6,0021400792,6,5,1,1,8:12 PM,11:09,Dudley Bad Pass Turnover (P1.T1),,McLemore STEAL (1 STL),,,4.0,201162,Jared Dudley,1610612749.0,Milwaukee,Bucks,MIL,5,203463,Ben McLemore,1610612758.0,Sacramento,Kings,SAC,0,0,,,,,
7,0021400792,7,6,1,1,8:12 PM,11:09,Antetokounmpo P.FOUL (P1.T1),,,,,4.0,203507,Giannis Antetokounmpo,1610612749.0,Milwaukee,Bucks,MIL,5,201956,Omri Casspi,1610612758.0,Sacramento,Kings,SAC,1,0,,,,,
8,0021400792,8,1,1,1,8:13 PM,10:48,,,McLemore  3PT Jump Shot (3 PTS) (Gay 1 AST),5 - 2,-3,5.0,203463,Ben McLemore,1610612758.0,Sacramento,Kings,SAC,5,200752,Rudy Gay,1610612758.0,Sacramento,Kings,SAC,0,0,,,,,
9,0021400792,9,6,2,1,8:13 PM,10:43,,,Sessions S.FOUL (P1.T1),,,5.0,201196,Ramon Sessions,1610612758.0,Sacramento,Kings,SAC,4,202688,Brandon Knight,1610612749.0,Milwaukee,Bucks,MIL,1,0,,,,,
10,0021400792,10,3,11,1,8:13 PM,10:43,MISS Knight Free Throw 1 of 2,,,,,4.0,202688,Brandon Knight,1610612749.0,Milwaukee,Bucks,MIL,0,0,,,,,,0,0,,,,,
11,0021400792,11,4,1,1,8:13 PM,10:43,BUCKS Rebound,,,,,2.0,1610612749,,,,,,0,0,,,,,,0,0,,,,,
12,0021400792,12,3,12,1,8:13 PM,10:43,Knight Free Throw 2 of 2 (1 PTS),,,5 - 3,-2,4.0,202688,Brandon Knight,1610612749.0,Milwaukee,Bucks,MIL,0,0,,,,,,0,0,,,,,
13,0021400792,14,2,5,1,8:14 PM,10:25,Henson BLOCK (1 BLK),,MISS Casspi 1' Layup,,,5.0,201956,Omri Casspi,1610612758.0,Sacramento,Kings,SAC,0,0,,,,,,4,203089,John Henson,1610612749.0,Milwaukee,Bucks,MIL
14,0021400792,15,4,0,1,8:14 PM,10:23,Knight REBOUND (Off:0 Def:1),,,,,4.0,202688,Brandon Knight,1610612749.0,Milwaukee,Bucks,MIL,0,0,,,,,,0,0,,,,,
15,0021400792,16,5,40,1,8:14 PM,10:21,Knight Out of Bounds Lost Ball Turnover (P1.T2),,,,,4.0,202688,Brandon Knight,1610612749.0,Milwaukee,Bucks,MIL,0,0,,,,,,0,0,,,,,
16,0021400792,17,6,17,1,8:14 PM,10:03,BUCKS T.Foul (Def. 3 Sec Dudley ),,,,,4.0,201162,Jared Dudley,1610612749.0,Milwaukee,Bucks,MIL,0,0,,,,,,1,0,,,,,
17,0021400792,18,3,16,1,8:14 PM,10:03,,,MISS Cousins Free Throw Technical,,,5.0,202326,DeMarcus Cousins,1610612758.0,Sacramento,Kings,SAC,0,0,,,,,,0,0,,,,,
18,0021400792,19,4,1,1,8:14 PM,10:03,,,Kings Rebound,,,3.0,1610612758,,,,,,0,0,,,,,,0,0,,,,,
19,0021400792,20,2,1,1,8:15 PM,9:55,,,MISS Gay 25' 3PT Jump Shot,,,5.0,200752,Rudy Gay,1610612758.0,Sacramento,Kings,SAC,0,0,,,,,,0,0,,,,,
20,0021400792,21,4,0,1,8:15 PM,9:54,Antetokounmpo REBOUND (Off:0 Def:1),,,,,4.0,203507,Giannis Antetokounmpo,1610612749.0,Milwaukee,Bucks,MIL,0,0,,,,,,0,0,,,,,
21,0021400792,22,2,5,1,8:15 PM,9:43,MISS Middleton 1' Layup,,Cousins BLOCK (1 BLK),,,4.0,203114,Khris Middleton,1610612749.0,Milwaukee,Bucks,MIL,0,0,,,,,,5,202326,DeMarcus Cousins,1610612758.0,Sacramento,Kings,SAC
22,0021400792,24,4,0,1,8:15 PM,9:41,Henson REBOUND (Off:1 Def:0),,,,,4.0,203089,John Henson,1610612749.0,Milwaukee,Bucks,MIL,0,0,,,,,,0,0,,,,,
23,0021400792,23,1,7,1,8:15 PM,9:41,Henson  Dunk (4 PTS),,,5 - 5,TIE,4.0,203089,John Henson,1610612749.0,Milwaukee,Bucks,MIL,0,0,,,,,,0,0,,,,,
24,0021400792,25,1,1,1,8:16 PM,9:21,,,McLemore 26' 3PT Jump Shot (6 PTS) (Cousins 1 AST),8 - 5,-3,5.0,203463,Ben McLemore,1610612758.0,Sacramento,Kings,SAC,5,202326,DeMarcus Cousins,1610612758.0,Sacramento,Kings,SAC,0,0,,,,,
25,0021400792,26,1,47,1,8:16 PM,8:57,Middleton 15' Turnaround Jump Shot (2 PTS),,,8 - 7,-1,4.0,203114,Khris Middleton,1610612749.0,Milwaukee,Bucks,MIL,0,0,,,,,,0,0,,,,,
26,0021400792,27,2,1,1,8:16 PM,8:45,,,MISS McLemore  3PT Jump Shot,,,5.0,203463,Ben McLemore,1610612758.0,Sacramento,Kings,SAC,0,0,,,,,,0,0,,,,,
27,0021400792,28,4,0,1,8:16 PM,8:42,,,Cousins REBOUND (Off:2 Def:0),,,5.0,202326,DeMarcus Cousins,1610612758.0,Sacramento,Kings,SAC,0,0,,,,,,0,0,,,,,
28,0021400792,29,2,5,1,8:16 PM,8:36,Henson BLOCK (2 BLK),,MISS Cousins 1' Layup,,,5.0,202326,DeMarcus Cousins,1610612758.0,Sacramento,Kings,SAC,0,0,,,,,,4,203089,John Henson,1610612749.0,Milwaukee,Bucks,MIL
29,0021400792,30,4,0,1,8:16 PM,8:33,,,Cousins REBOUND (Off:3 Def:0),,,5.0,202326,DeMarcus Cousins,1610612758.0,Sacramento,Kings,SAC,0,0,,,,,,0,0,,,,,
30,0021400792,31,1,5,1,8:16 PM,8:30,,,Casspi 1' Layup (2 PTS) (Cousins 2 AST),10 - 7,-3,5.0,201956,Omri Casspi,1610612758.0,Sacramento,Kings,SAC,5,202326,DeMarcus Cousins,1610612758.0,Sacramento,Kings,SAC,0,0,,,,,
31,0021400792,32,1,3,1,8:17 PM,8:14,Henson 4' Hook Shot (6 PTS) (Knight 1 AST),,,10 - 9,-1,4.0,203089,John Henson,1610612749.0,Milwaukee,Bucks,MIL,4,202688,Brandon Knight,1610612749.0,Milwaukee,Bucks,MIL,0,0,,,,,
32,0021400792,33,10,0,1,8:17 PM,7:58,Jump Ball Antetokounmpo vs. Gay: Tip to Cousins,,,,,4.0,203507,Giannis Antetokounmpo,1610612749.0,Milwaukee,Bucks,MIL,5,200752,Rudy Gay,1610612758.0,Sacramento,Kings,SAC,5,202326,DeMarcus Cousins,1610612758.0,Sacramento,Kings,SAC
33,0021400792,34,1,5,1,8:17 PM,7:50,,,Gay 1' Layup (2 PTS),12 - 9,-3,5.0,200752,Rudy Gay,1610612758.0,Sacramento,Kings,SAC,0,0,,,,,,0,0,,,,,
34,0021400792,35,6,2,1,8:18 PM,7:37,,,McLemore S.FOUL (P1.T2),,,5.0,203463,Ben McLemore,1610612758.0,Sacramento,Kings,SAC,4,203114,Khris Middleton,1610612749.0,Milwaukee,Bucks,MIL,1,0,,,,,
35,0021400792,36,3,11,1,8:18 PM,7:37,Middleton Free Throw 1 of 2 (3 PTS),,,12 - 10,-2,4.0,203114,Khris Middleton,1610612749.0,Milwaukee,Bucks,MIL,0,0,,,,,,0,0,,,,,
36,0021400792,38,3,12,1,8:18 PM,7:37,Middleton Free Throw 2 of 2 (4 PTS),,,12 - 11,-1,4.0,203114,Khris Middleton,1610612749.0,Milwaukee,Bucks,MIL,0,0,,,,,,0,0,,,,,
37,0021400792,40,2,1,1,8:19 PM,7:16,,,MISS Sessions 26' 3PT Jump Shot,,,5.0,201196,Ramon Sessions,1610612758.0,Sacramento,Kings,SAC,0,0,,,,,,0,0,,,,,
38,0021400792,42,4,0,1,8:19 PM,7:15,,,Casspi REBOUND (Off:1 Def:0),,,5.0,201956,Omri Casspi,1610612758.0,Sacramento,Kings,SAC,0,0,,,,,,0,0,,,,,
39,0021400792,41,2,4,1,8:19 PM,7:15,,,MISS Casspi 1' Tip Shot,,,5.0,201956,Omri Casspi,1610612758.0,Sacramento,Kings,SAC,0,0,,,,,,0,0,,,,,
40,0021400792,43,4,0,1,8:19 PM,7:13,Middleton REBOUND (Off:0 Def:1),,,,,4.0,203114,Khris Middleton,1610612749.0,Milwaukee,Bucks,MIL,0,0,,,,,,0,0,,,,,
41,0021400792,44,2,1,1,8:19 PM,7:04,MISS Dudley 24' 3PT Jump Shot,,,,,4.0,201162,Jared Dudley,1610612749.0,Milwaukee,Bucks,MIL,0,0,,,,,,0,0,,,,,
42,0021400792,45,4,0,1,8:19 PM,7:03,Knight REBOUND (Off:1 Def:1),,,,,4.0,202688,Brandon Knight,1610612749.0,Milwaukee,Bucks,MIL,0,0,,,,,,0,0,,,,,
43,0021400792,46,2,5,1,8:19 PM,6:58,MISS Dudley  Layup,,Cousins BLOCK (2 BLK),,,4.0,201162,Jared Dudley,1610612749.0,Milwaukee,Bucks,MIL,0,0,,,,,,5,202326,DeMarcus Cousins,1610612758.0,Sacramento,Kings,SAC
44,0021400792,47,4,0,1,8:19 PM,6:57,BUCKS Rebound,,,,,2.0,1610612749,,,,,,0,0,,,,,,0,0,,,,,
45,0021400792,48,1,5,1,8:19 PM,6:54,Antetokounmpo  Layup (2 PTS) (Dudley 1 AST),,,12 - 13,1,4.0,203507,Giannis Antetokounmpo,1610612749.0,Milwaukee,Bucks,MIL,4,201162,Jared Dudley,1610612749.0,Milwaukee,Bucks,MIL,0,0,,,,,
46,0021400792,49,5,1,1,8:20 PM,6:32,Dudley STEAL (1 STL),,Cousins Bad Pass Turnover (P1.T1),,,5.0,202326,DeMarcus Cousins,1610612758.0,Sacramento,Kings,SAC,4,201162,Jared Dudley,1610612749.0,Milwaukee,Bucks,MIL,0,0,,,,,
47,0021400792,50,2,1,1,8:20 PM,6:24,MISS Knight 26' 3PT Jump Shot,,,,,4.0,202688,Brandon Knight,1610612749.0,Milwaukee,Bucks,MIL,0,0,,,,,,0,0,,,,,
48,0021400792,51,4,0,1,8:20 PM,6:24,BUCKS Rebound,,,,,2.0,1610612749,,,,,,0,0,,,,,,0,0,,,,,
49,0021400792,52,6,3,1,8:20 PM,6:24,,,McLemore L.B.FOUL (P2.T3),,,5.0,203463,Ben McLemore,1610612758.0,Sacramento,Kings,SAC,4,203089,John Henson,1610612749.0,Milwaukee,Bucks,MIL,1,0,,,,,
50,0021400792,53,8,0,1,8:20 PM,6:24,,,SUB: Stauskas FOR McLemore,,,5.0,203463,Ben McLemore,1610612758.0,Sacramento,Kings,SAC,5,203917,Nik Stauskas,1610612758.0,Sacramento,Kings,SAC,0,0,,,,,
51,0021400792,54,1,85,1,8:21 PM,6:13,Middleton 10' Turnaround Bank Shot (6 PTS),,,12 - 15,3,4.0,203114,Khris Middleton,1610612749.0,Milwaukee,Bucks,MIL,0,0,,,,,,0,0,,,,,
52,0021400792,55,2,5,1,8:21 PM,6:02,,,MISS Sessions 1' Layup,,,5.0,201196,Ramon Sessions,1610612758.0,Sacramento,Kings,SAC,0,0,,,,,,0,0,,,,,
53,0021400792,56,4,0,1,8:21 PM,6:00,Middleton REBOUND (Off:0 Def:2),,,,,4.0,203114,Khris Middleton,1610612749.0,Milwaukee,Bucks,MIL,0,0,,,,,,0,0,,,,,
54,0021400792,57,1,80,1,8:21 PM,5:51,Dudley 8' Step Back Jump Shot (2 PTS),,,12 - 17,5,4.0,201162,Jared Dudley,1610612749.0,Milwaukee,Bucks,MIL,0,0,,,,,,0,0,,,,,
55,0021400792,58,9,1,1,8:21 PM,5:43,,,Kings Timeout: Regular (Reg.1 Short 0),,,3.0,1610612758,,,,,,0,0,,,,,,0,0,,,,,
56,0021400792,60,8,0,1,8:23 PM,5:43,,,SUB: Williams FOR Casspi,,,5.0,201956,Omri Casspi,1610612758.0,Sacramento,Kings,SAC,5,202682,Derrick Williams,1610612758.0,Sacramento,Kings,SAC,0,0,,,,,
57,0021400792,61,2,1,1,8:24 PM,5:35,Henson BLOCK (3 BLK),,MISS Cousins 4' Jump Shot,,,5.0,202326,DeMarcus Cousins,1610612758.0,Sacramento,Kings,SAC,0,0,,,,,,4,203089,John Henson,1610612749.0,Milwaukee,Bucks,MIL
58,0021400792,62,4,0,1,8:24 PM,5:33,,,Cousins REBOUND (Off:4 Def:0),,,5.0,202326,DeMarcus Cousins,1610612758.0,Sacramento,Kings,SAC,0,0,,,,,,0,0,,,,,
59,0021400792,63,6,2,1,8:24 PM,5:32,Henson S.FOUL (P1.T2),,,,,4.0,203089,John Henson,1610612749.0,Milwaukee,Bucks,MIL,5,202326,DeMarcus Cousins,1610612758.0,Sacramento,Kings,SAC,1,0,,,,,
60,0021400792,64,3,11,1,8:24 PM,5:32,,,Cousins Free Throw 1 of 2 (3 PTS),13 - 17,4,5.0,202326,DeMarcus Cousins,1610612758.0,Sacramento,Kings,SAC,0,0,,,,,,0,0,,,,,
61,0021400792,66,8,0,1,8:24 PM,5:32,SUB: Pachulia FOR Henson,,,,,4.0,203089,John Henson,1610612749.0,Milwaukee,Bucks,MIL,4,2585,Zaza Pachulia,1610612749.0,Milwaukee,Bucks,MIL,0,0,,,,,
62,0021400792,67,3,12,1,8:24 PM,5:32,,,Cousins Free Throw 2 of 2 (4 PTS),14 - 17,3,5.0,202326,DeMarcus Cousins,1610612758.0,Sacramento,Kings,SAC,0,0,,,,,,0,0,,,,,
63,0021400792,69,2,5,1,8:25 PM,5:18,MISS Pachulia  Layup,,Cousins BLOCK (3 BLK),,,4.0,2585,Zaza Pachulia,1610612749.0,Milwaukee,Bucks,MIL,0,0,,,,,,5,202326,DeMarcus Cousins,1610612758.0,Sacramento,Kings,SAC
64,0021400792,70,4,0,1,8:25 PM,5:15,Middleton REBOUND (Off:1 Def:2),,,,,4.0,203114,Khris Middleton,1610612749.0,Milwaukee,Bucks,MIL,0,0,,,,,,0,0,,,,,
65,0021400792,71,2,1,1,8:25 PM,5:09,MISS Pachulia 19' Jump Shot,,,,,4.0,2585,Zaza Pachulia,1610612749.0,Milwaukee,Bucks,MIL,0,0,,,,,,0,0,,,,,
66,0021400792,72,4,0,1,8:25 PM,5:08,,,Sessions REBOUND (Off:0 Def:1),,,5.0,201196,Ramon Sessions,1610612758.0,Sacramento,Kings,SAC,0,0,,,,,,0,0,,,,,
67,0021400792,73,6,4,1,8:25 PM,5:07,,,Cousins OFF.Foul (P1),,,5.0,202326,DeMarcus Cousins,1610612758.0,Sacramento,Kings,SAC,4,2585,Zaza Pachulia,1610612749.0,Milwaukee,Bucks,MIL,1,0,,,,,
68,0021400792,74,5,5,1,8:25 PM,5:07,,,Cousins Foul Turnover (P2.T2),,,5.0,202326,DeMarcus Cousins,1610612758.0,Sacramento,Kings,SAC,0,0,,,,,,1,0,,,,,
69,0021400792,75,2,1,1,8:25 PM,4:54,MISS Pachulia 8' Jump Shot,,,,,4.0,2585,Zaza Pachulia,1610612749.0,Milwaukee,Bucks,MIL,0,0,,,,,,0,0,,,,,
70,0021400792,76,4,0,1,8:25 PM,4:52,,,Williams REBOUND (Off:0 Def:1),,,5.0,202682,Derrick Williams,1610612758.0,Sacramento,Kings,SAC,0,0,,,,,,0,0,,,,,
71,0021400792,77,2,1,1,8:26 PM,4:39,,,MISS Cousins 16' Jump Shot,,,5.0,202326,DeMarcus Cousins,1610612758.0,Sacramento,Kings,SAC,0,0,,,,,,0,0,,,,,
72,0021400792,78,4,0,1,8:26 PM,4:37,Middleton REBOUND (Off:1 Def:3),,,,,4.0,203114,Khris Middleton,1610612749.0,Milwaukee,Bucks,MIL,0,0,,,,,,0,0,,,,,
73,0021400792,81,6,2,1,8:26 PM,4:30,,,Gay S.FOUL (P1.T4),,,5.0,200752,Rudy Gay,1610612758.0,Sacramento,Kings,SAC,4,203114,Khris Middleton,1610612749.0,Milwaukee,Bucks,MIL,1,0,,,,,
74,0021400792,83,3,11,1,8:26 PM,4:30,Middleton Free Throw 1 of 2 (7 PTS),,,14 - 18,4,4.0,203114,Khris Middleton,1610612749.0,Milwaukee,Bucks,MIL,0,0,,,,,,0,0,,,,,
75,0021400792,85,3,12,1,8:26 PM,4:30,Middleton Free Throw 2 of 2 (8 PTS),,,14 - 19,5,4.0,203114,Khris Middleton,1610612749.0,Milwaukee,Bucks,MIL,0,0,,,,,,0,0,,,,,
76,0021400792,87,1,44,1,8:27 PM,4:11,,,Gay  Reverse Layup (4 PTS),16 - 19,3,5.0,200752,Rudy Gay,1610612758.0,Sacramento,Kings,SAC,0,0,,,,,,0,0,,,,,
77,0021400792,88,2,5,1,8:27 PM,3:59,MISS Knight 1' Layup,,,,,4.0,202688,Brandon Knight,1610612749.0,Milwaukee,Bucks,MIL,0,0,,,,,,0,0,,,,,
78,0021400792,89,4,0,1,8:27 PM,3:58,,,Gay REBOUND (Off:0 Def:1),,,5.0,200752,Rudy Gay,1610612758.0,Sacramento,Kings,SAC,0,0,,,,,,0,0,,,,,
79,0021400792,90,1,5,1,8:27 PM,3:54,,,Gay  Layup (6 PTS),18 - 19,1,5.0,200752,Rudy Gay,1610612758.0,Sacramento,Kings,SAC,0,0,,,,,,0,0,,,,,
80,0021400792,92,2,1,1,8:27 PM,3:30,MISS Antetokounmpo 19' Jump Shot,,,,,4.0,203507,Giannis Antetokounmpo,1610612749.0,Milwaukee,Bucks,MIL,0,0,,,,,,0,0,,,,,
81,0021400792,93,4,0,1,8:27 PM,3:29,,,Williams REBOUND (Off:0 Def:2),,,5.0,202682,Derrick Williams,1610612758.0,Sacramento,Kings,SAC,0,0,,,,,,0,0,,,,,
82,0021400792,95,2,5,1,8:28 PM,3:24,,,MISS Cousins 1' Layup,,,5.0,202326,DeMarcus Cousins,1610612758.0,Sacramento,Kings,SAC,0,0,,,,,,0,0,,,,,
83,0021400792,96,4,0,1,8:28 PM,3:22,Pachulia REBOUND (Off:0 Def:1),,,,,4.0,2585,Zaza Pachulia,1610612749.0,Milwaukee,Bucks,MIL,0,0,,,,,,0,0,,,,,
84,0021400792,97,1,5,1,8:28 PM,3:15,Antetokounmpo 1' Layup (4 PTS),,,18 - 21,3,4.0,203507,Giannis Antetokounmpo,1610612749.0,Milwaukee,Bucks,MIL,0,0,,,,,,0,0,,,,,
85,0021400792,99,2,1,1,8:28 PM,3:05,,,MISS Stauskas  3PT Jump Shot,,,5.0,203917,Nik Stauskas,1610612758.0,Sacramento,Kings,SAC,0,0,,,,,,0,0,,,,,
86,0021400792,100,4,0,1,8:28 PM,3:03,,,Cousins REBOUND (Off:5 Def:0),,,5.0,202326,DeMarcus Cousins,1610612758.0,Sacramento,Kings,SAC,0,0,,,,,,0,0,,,,,
87,0021400792,101,1,5,1,8:28 PM,3:02,,,Cousins 1' Layup (6 PTS),20 - 21,1,5.0,202326,DeMarcus Cousins,1610612758.0,Sacramento,Kings,SAC,0,0,,,,,,0,0,,,,,
88,0021400792,102,1,1,1,8:28 PM,2:38,Dudley 26' 3PT Jump Shot (5 PTS) (Middleton 1 AST),,,20 - 24,4,4.0,201162,Jared Dudley,1610612749.0,Milwaukee,Bucks,MIL,4,203114,Khris Middleton,1610612749.0,Milwaukee,Bucks,MIL,0,0,,,,,
89,0021400792,103,2,5,1,8:29 PM,2:17,,,MISS Sessions 1' Layup,,,5.0,201196,Ramon Sessions,1610612758.0,Sacramento,Kings,SAC,0,0,,,,,,0,0,,,,,
90,0021400792,104,4,0,1,8:29 PM,2:15,Antetokounmpo REBOUND (Off:0 Def:2),,,,,4.0,203507,Giannis Antetokounmpo,1610612749.0,Milwaukee,Bucks,MIL,0,0,,,,,,0,0,,,,,
91,0021400792,105,1,1,1,8:29 PM,2:00,Middleton  3PT Jump Shot (11 PTS) (Knight 2 AST),,,20 - 27,7,4.0,203114,Khris Middleton,1610612749.0,Milwaukee,Bucks,MIL,4,202688,Brandon Knight,1610612749.0,Milwaukee,Bucks,MIL,0,0,,,,,
92,0021400792,106,9,2,1,8:29 PM,2:00,,,Kings Timeout: Short (Reg.1 Short 1),,,3.0,1610612758,,,,,,0,0,,,,,,0,0,,,,,
93,0021400792,107,9,1,1,8:29 PM,2:00,BUCKS Timeout: Regular (Full 1 Short 0),,,,,2.0,1610612749,,,,,,0,0,,,,,,0,0,,,,,
94,0021400792,109,8,0,1,8:32 PM,2:00,,,SUB: Thompson FOR Cousins,,,5.0,202326,DeMarcus Cousins,1610612758.0,Sacramento,Kings,SAC,5,201574,Jason Thompson,1610612758.0,Sacramento,Kings,SAC,0,0,,,,,
95,0021400792,110,8,0,1,8:32 PM,2:00,,,SUB: McCallum FOR Sessions,,,5.0,201196,Ramon Sessions,1610612758.0,Sacramento,Kings,SAC,5,203492,Ray McCallum,1610612758.0,Sacramento,Kings,SAC,0,0,,,,,
96,0021400792,111,8,0,1,8:32 PM,2:00,SUB: Mayo FOR Middleton,,,,,4.0,203114,Khris Middleton,1610612749.0,Milwaukee,Bucks,MIL,4,201564,O.J. Mayo,1610612749.0,Milwaukee,Bucks,MIL,0,0,,,,,
97,0021400792,112,2,1,1,8:32 PM,1:44,,,MISS Gay 26' 3PT Jump Shot,,,5.0,200752,Rudy Gay,1610612758.0,Sacramento,Kings,SAC,0,0,,,,,,0,0,,,,,
98,0021400792,113,4,0,1,8:32 PM,1:44,,,Kings Rebound,,,3.0,1610612758,,,,,,0,0,,,,,,0,0,,,,,
99,0021400792,114,6,3,1,8:32 PM,1:44,Pachulia L.B.FOUL (P1.T3),,,,,4.0,2585,Zaza Pachulia,1610612749.0,Milwaukee,Bucks,MIL,5,201574,Jason Thompson,1610612758.0,Sacramento,Kings,SAC,1,0,,,,,
100,0021400792,115,1,66,1,8:33 PM,1:32,,,Williams 17' Jump Bank Shot (2 PTS) (Stauskas 1 AST),22 - 27,5,5.0,202682,Derrick Williams,1610612758.0,Sacramento,Kings,SAC,5,203917,Nik Stauskas,1610612758.0,Sacramento,Kings,SAC,0,0,,,,,
101,0021400792,116,6,29,1,8:33 PM,1:15,,,Stauskas Shooting Block Foul (P1.PN),,,5.0,203917,Nik Stauskas,1610612758.0,Sacramento,Kings,SAC,4,201564,O.J. Mayo,1610612749.0,Milwaukee,Bucks,MIL,1,0,,,,,
102,0021400792,117,3,11,1,8:33 PM,1:15,Mayo Free Throw 1 of 2 (1 PTS),,,22 - 28,6,4.0,201564,O.J. Mayo,1610612749.0,Milwaukee,Bucks,MIL,0,0,,,,,,0,0,,,,,
103,0021400792,119,3,12,1,8:33 PM,1:15,Mayo Free Throw 2 of 2 (2 PTS),,,22 - 29,7,4.0,201564,O.J. Mayo,1610612749.0,Milwaukee,Bucks,MIL,0,0,,,,,,0,0,,,,,
104,0021400792,121,1,1,1,8:34 PM,0:57,,,Gay 17' Jump Shot (8 PTS) (Thompson 1 AST),24 - 29,5,5.0,200752,Rudy Gay,1610612758.0,Sacramento,Kings,SAC,5,201574,Jason Thompson,1610612758.0,Sacramento,Kings,SAC,0,0,,,,,
105,0021400792,122,2,5,1,8:34 PM,0:35,MISS Pachulia  Layup,,,,,4.0,2585,Zaza Pachulia,1610612749.0,Milwaukee,Bucks,MIL,0,0,,,,,,0,0,,,,,
106,0021400792,123,4,0,1,8:34 PM,0:33,,,Williams REBOUND (Off:0 Def:3),,,5.0,202682,Derrick Williams,1610612758.0,Sacramento,Kings,SAC,0,0,,,,,,0,0,,,,,
107,0021400792,124,1,5,1,8:34 PM,0:27,,,McCallum  Layup (2 PTS) (Thompson 2 AST),26 - 29,3,5.0,203492,Ray McCallum,1610612758.0,Sacramento,Kings,SAC,5,201574,Jason Thompson,1610612758.0,Sacramento,Kings,SAC,0,0,,,,,
108,0021400792,125,2,1,1,8:35 PM,0:04,MISS Antetokounmpo 4' Jump Shot,,,,,4.0,203507,Giannis Antetokounmpo,1610612749.0,Milwaukee,Bucks,MIL,0,0,,,,,,0,0,,,,,
109,0021400792,126,4,0,1,8:35 PM,0:03,Antetokounmpo REBOUND (Off:1 Def:2),,,,,4.0,203507,Giannis Antetokounmpo,1610612749.0,Milwaukee,Bucks,MIL,0,0,,,,,,0,0,,,,,
110,0021400792,127,5,11,1,8:35 PM,0:03,BUCKS Turnover: Shot Clock (T#3),,,,,2.0,1610612749,,,,,,0,0,,,,,,1,0,,,,,
111,0021400792,128,1,1,1,8:35 PM,0:00,,,McCallum 28' 3PT Jump Shot (5 PTS),29 - 29,TIE,5.0,203492,Ray McCallum,1610612758.0,Sacramento,Kings,SAC,0,0,,,,,,0,0,,,,,
112,0021400792,129,18,0,1,8:35 PM,0:00,,,,,,,128,David Benoit,,,,,0,0,,,,,,1,0,,,,,
113,0021400792,130,13,0,1,8:35 PM,0:00,,,,29 - 29,TIE,0.0,0,,,,,,0,0,,,,,,0,0,,,,,
114,0021400792,131,12,0,2,8:38 PM,12:00,,,,29 - 29,TIE,0.0,0,,,,,,0,0,,,,,,0,0,,,,,
115,0021400792,132,2,1,2,8:38 PM,11:48,,,MISS Thompson 11' Jump Shot,,,5.0,201574,Jason Thompson,1610612758.0,Sacramento,Kings,SAC,0,0,,,,,,0,0,,,,,
116,0021400792,133,4,0,2,8:38 PM,11:47,Pachulia REBOUND (Off:0 Def:2),,,,,4.0,2585,Zaza Pachulia,1610612749.0,Milwaukee,Bucks,MIL,0,0,,,,,,0,0,,,,,
117,0021400792,134,2,3,2,8:38 PM,11:33,MISS Mayo 2' Hook Shot,,,,,4.0,201564,O.J. Mayo,1610612749.0,Milwaukee,Bucks,MIL,0,0,,,,,,0,0,,,,,
118,0021400792,135,4,0,2,8:38 PM,11:32,,,Landry REBOUND (Off:0 Def:1),,,5.0,201171,Carl Landry,1610612758.0,Sacramento,Kings,SAC,0,0,,,,,,0,0,,,,,
119,0021400792,136,5,2,2,8:39 PM,11:26,Bayless STEAL (1 STL),,McCallum Lost Ball Turnover (P1.T3),,,5.0,203492,Ray McCallum,1610612758.0,Sacramento,Kings,SAC,4,201573,Jerryd Bayless,1610612749.0,Milwaukee,Bucks,MIL,0,0,,,,,
120,0021400792,137,5,1,2,8:39 PM,11:19,Bayless Bad Pass Turnover (P1.T4),,Stauskas STEAL (1 STL),,,4.0,201573,Jerryd Bayless,1610612749.0,Milwaukee,Bucks,MIL,5,203917,Nik Stauskas,1610612758.0,Sacramento,Kings,SAC,0,0,,,,,
121,0021400792,138,6,2,2,8:39 PM,11:16,Ilyasova S.FOUL (P1.T1),,,,,4.0,101141,Ersan Ilyasova,1610612749.0,Milwaukee,Bucks,MIL,5,203917,Nik Stauskas,1610612758.0,Sacramento,Kings,SAC,1,0,,,,,
122,0021400792,139,3,11,2,8:39 PM,11:16,,,Stauskas Free Throw 1 of 2 (1 PTS),30 - 29,-1,5.0,203917,Nik Stauskas,1610612758.0,Sacramento,Kings,SAC,0,0,,,,,,0,0,,,,,
123,0021400792,141,3,12,2,8:39 PM,11:16,,,Stauskas Free Throw 2 of 2 (2 PTS),31 - 29,-2,5.0,203917,Nik Stauskas,1610612758.0,Sacramento,Kings,SAC,0,0,,,,,,0,0,,,,,
124,0021400792,143,1,1,2,8:40 PM,11:03,Ilyasova 16' Jump Shot (2 PTS) (Mayo 1 AST),,,31 - 31,TIE,4.0,101141,Ersan Ilyasova,1610612749.0,Milwaukee,Bucks,MIL,4,201564,O.J. Mayo,1610612749.0,Milwaukee,Bucks,MIL,0,0,,,,,
125,0021400792,144,1,1,2,8:40 PM,10:45,,,Williams 28' 3PT Jump Shot (5 PTS),34 - 31,-3,5.0,202682,Derrick Williams,1610612758.0,Sacramento,Kings,SAC,0,0,,,,,,0,0,,,,,
126,0021400792,145,1,47,2,8:40 PM,10:18,Pachulia 4' Turnaround Jump Shot (2 PTS),,,34 - 33,-1,4.0,2585,Zaza Pachulia,1610612749.0,Milwaukee,Bucks,MIL,0,0,,,,,,0,0,,,,,
127,0021400792,146,2,1,2,8:41 PM,10:02,,,MISS Landry 17' Jump Shot,,,5.0,201171,Carl Landry,1610612758.0,Sacramento,Kings,SAC,0,0,,,,,,0,0,,,,,
128,0021400792,147,4,0,2,8:41 PM,10:00,,,Thompson REBOUND (Off:1 Def:0),,,5.0,201574,Jason Thompson,1610612758.0,Sacramento,Kings,SAC,0,0,,,,,,0,0,,,,,
129,0021400792,148,1,5,2,8:41 PM,9:59,,,Thompson  Layup (2 PTS),36 - 33,-3,5.0,201574,Jason Thompson,1610612758.0,Sacramento,Kings,SAC,0,0,,,,,,0,0,,,,,
130,0021400792,149,6,2,2,8:41 PM,9:59,Ilyasova S.FOUL (P2.T2),,,,,4.0,101141,Ersan Ilyasova,1610612749.0,Milwaukee,Bucks,MIL,5,201574,Jason Thompson,1610612758.0,Sacramento,Kings,SAC,1,0,,,,,
131,0021400792,150,8,0,2,8:41 PM,9:59,SUB: O'Bryant FOR Ilyasova,,,,,4.0,101141,Ersan Ilyasova,1610612749.0,Milwaukee,Bucks,MIL,4,203948,Johnny O'Bryant,1610612749.0,Milwaukee,Bucks,MIL,0,0,,,,,
132,0021400792,151,3,10,2,8:41 PM,9:59,,,MISS Thompson Free Throw 1 of 1,,,5.0,201574,Jason Thompson,1610612758.0,Sacramento,Kings,SAC,0,0,,,,,,0,0,,,,,
133,0021400792,153,4,0,2,8:41 PM,9:58,O'Bryant REBOUND (Off:0 Def:1),,,,,4.0,203948,Johnny O'Bryant,1610612749.0,Milwaukee,Bucks,MIL,0,0,,,,,,0,0,,,,,
134,0021400792,154,1,5,2,8:41 PM,9:47,Pachulia 1' Layup (4 PTS) (Mayo 2 AST),,,36 - 35,-1,4.0,2585,Zaza Pachulia,1610612749.0,Milwaukee,Bucks,MIL,4,201564,O.J. Mayo,1610612749.0,Milwaukee,Bucks,MIL,0,0,,,,,
135,0021400792,155,2,1,2,8:42 PM,9:28,,,MISS McCallum 15' Jump Shot,,,5.0,203492,Ray McCallum,1610612758.0,Sacramento,Kings,SAC,0,0,,,,,,0,0,,,,,
136,0021400792,156,4,0,2,8:42 PM,9:26,,,Thompson REBOUND (Off:2 Def:0),,,5.0,201574,Jason Thompson,1610612758.0,Sacramento,Kings,SAC,0,0,,,,,,0,0,,,,,
137,0021400792,157,5,1,2,8:42 PM,9:23,Mayo STEAL (1 STL),,Thompson Bad Pass Turnover (P1.T4),,,5.0,201574,Jason Thompson,1610612758.0,Sacramento,Kings,SAC,4,201564,O.J. Mayo,1610612749.0,Milwaukee,Bucks,MIL,0,0,,,,,
138,0021400792,158,1,5,2,8:42 PM,9:20,Mayo  Layup (4 PTS),,,36 - 37,1,4.0,201564,O.J. Mayo,1610612749.0,Milwaukee,Bucks,MIL,0,0,,,,,,0,0,,,,,
139,0021400792,159,5,1,2,8:42 PM,9:06,Bayless STEAL (2 STL),,Thompson Bad Pass Turnover (P2.T5),,,5.0,201574,Jason Thompson,1610612758.0,Sacramento,Kings,SAC,4,201573,Jerryd Bayless,1610612749.0,Milwaukee,Bucks,MIL,0,0,,,,,
140,0021400792,160,6,2,2,8:42 PM,9:02,,,McCallum S.FOUL (P1.T1),,,5.0,203492,Ray McCallum,1610612758.0,Sacramento,Kings,SAC,4,201573,Jerryd Bayless,1610612749.0,Milwaukee,Bucks,MIL,1,0,,,,,
141,0021400792,161,3,11,2,8:43 PM,9:02,Bayless Free Throw 1 of 2 (1 PTS),,,36 - 38,2,4.0,201573,Jerryd Bayless,1610612749.0,Milwaukee,Bucks,MIL,0,0,,,,,,0,0,,,,,
142,0021400792,163,8,0,2,8:43 PM,9:02,,,SUB: McLemore FOR Stauskas,,,5.0,203917,Nik Stauskas,1610612758.0,Sacramento,Kings,SAC,5,203463,Ben McLemore,1610612758.0,Sacramento,Kings,SAC,0,0,,,,,
143,0021400792,164,8,0,2,8:43 PM,9:02,SUB: Middleton FOR Antetokounmpo,,,,,4.0,203507,Giannis Antetokounmpo,1610612749.0,Milwaukee,Bucks,MIL,4,203114,Khris Middleton,1610612749.0,Milwaukee,Bucks,MIL,0,0,,,,,
144,0021400792,165,3,12,2,8:43 PM,9:02,Bayless Free Throw 2 of 2 (2 PTS),,,36 - 39,3,4.0,201573,Jerryd Bayless,1610612749.0,Milwaukee,Bucks,MIL,0,0,,,,,,0,0,,,,,
145,0021400792,167,1,1,2,8:43 PM,8:49,,,Landry 17' Jump Shot (2 PTS) (McCallum 1 AST),38 - 39,1,5.0,201171,Carl Landry,1610612758.0,Sacramento,Kings,SAC,5,203492,Ray McCallum,1610612758.0,Sacramento,Kings,SAC,0,0,,,,,
146,0021400792,168,1,1,2,8:44 PM,8:34,Mayo 18' Jump Shot (6 PTS) (Bayless 1 AST),,,38 - 41,3,4.0,201564,O.J. Mayo,1610612749.0,Milwaukee,Bucks,MIL,4,201573,Jerryd Bayless,1610612749.0,Milwaukee,Bucks,MIL,0,0,,,,,
147,0021400792,169,2,1,2,8:44 PM,8:22,,,MISS Landry 17' Jump Shot,,,5.0,201171,Carl Landry,1610612758.0,Sacramento,Kings,SAC,0,0,,,,,,0,0,,,,,
148,0021400792,170,4,0,2,8:44 PM,8:20,O'Bryant REBOUND (Off:0 Def:2),,,,,4.0,203948,Johnny O'Bryant,1610612749.0,Milwaukee,Bucks,MIL,0,0,,,,,,0,0,,,,,
149,0021400792,171,2,44,2,8:44 PM,8:00,MISS O'Bryant  Reverse Layup,,,,,4.0,203948,Johnny O'Bryant,1610612749.0,Milwaukee,Bucks,MIL,0,0,,,,,,0,0,,,,,
150,0021400792,172,4,0,2,8:44 PM,7:58,,,Thompson REBOUND (Off:2 Def:1),,,5.0,201574,Jason Thompson,1610612758.0,Sacramento,Kings,SAC,0,0,,,,,,0,0,,,,,
151,0021400792,173,5,2,2,8:44 PM,7:44,Pachulia STEAL (1 STL),,Thompson Lost Ball Turnover (P3.T6),,,5.0,201574,Jason Thompson,1610612758.0,Sacramento,Kings,SAC,4,2585,Zaza Pachulia,1610612749.0,Milwaukee,Bucks,MIL,0,0,,,,,
152,0021400792,174,2,1,2,8:44 PM,7:37,MISS Mayo 24' 3PT Jump Shot,,,,,4.0,201564,O.J. Mayo,1610612749.0,Milwaukee,Bucks,MIL,0,0,,,,,,0,0,,,,,
153,0021400792,175,4,0,2,8:45 PM,7:35,,,McCallum REBOUND (Off:0 Def:1),,,5.0,203492,Ray McCallum,1610612758.0,Sacramento,Kings,SAC,0,0,,,,,,0,0,,,,,
154,0021400792,176,2,1,2,8:45 PM,7:31,,,MISS McLemore 12' Jump Shot,,,5.0,203463,Ben McLemore,1610612758.0,Sacramento,Kings,SAC,0,0,,,,,,0,0,,,,,
155,0021400792,177,4,0,2,8:45 PM,7:29,Pachulia REBOUND (Off:0 Def:3),,,,,4.0,2585,Zaza Pachulia,1610612749.0,Milwaukee,Bucks,MIL,0,0,,,,,,0,0,,,,,
156,0021400792,178,2,5,2,8:45 PM,7:25,MISS Mayo 1' Layup,,,,,4.0,201564,O.J. Mayo,1610612749.0,Milwaukee,Bucks,MIL,0,0,,,,,,0,0,,,,,
157,0021400792,179,4,0,2,8:45 PM,7:23,,,Williams REBOUND (Off:0 Def:4),,,5.0,202682,Derrick Williams,1610612758.0,Sacramento,Kings,SAC,0,0,,,,,,0,0,,,,,
158,0021400792,180,2,5,2,8:45 PM,7:18,,,MISS Landry 3' Layup,,,5.0,201171,Carl Landry,1610612758.0,Sacramento,Kings,SAC,0,0,,,,,,0,0,,,,,
159,0021400792,181,4,0,2,8:45 PM,7:17,O'Bryant REBOUND (Off:0 Def:3),,,,,4.0,203948,Johnny O'Bryant,1610612749.0,Milwaukee,Bucks,MIL,0,0,,,,,,0,0,,,,,
160,0021400792,182,1,5,2,8:45 PM,7:11,Mayo  Layup (8 PTS) (Middleton 2 AST),,,38 - 43,5,4.0,201564,O.J. Mayo,1610612749.0,Milwaukee,Bucks,MIL,4,203114,Khris Middleton,1610612749.0,Milwaukee,Bucks,MIL,0,0,,,,,
161,0021400792,183,6,28,2,8:45 PM,7:05,Bayless Personal Take Foul (P1.T3),,,,,4.0,201573,Jerryd Bayless,1610612749.0,Milwaukee,Bucks,MIL,5,203492,Ray McCallum,1610612758.0,Sacramento,Kings,SAC,1,0,,,,,
162,0021400792,184,9,4,2,8:45 PM,7:05,,,,,,1.0,0,,,,,,0,0,,,,,,0,0,,,,,
163,0021400792,186,8,0,2,8:47 PM,7:05,SUB: Gutierrez FOR Bayless,,,,,4.0,201573,Jerryd Bayless,1610612749.0,Milwaukee,Bucks,MIL,4,203268,Jorge Gutierrez,1610612749.0,Milwaukee,Bucks,MIL,0,0,,,,,
164,0021400792,187,8,0,2,8:47 PM,7:05,SUB: Henson FOR Pachulia,,,,,4.0,2585,Zaza Pachulia,1610612749.0,Milwaukee,Bucks,MIL,4,203089,John Henson,1610612749.0,Milwaukee,Bucks,MIL,0,0,,,,,
165,0021400792,188,8,0,2,8:48 PM,7:05,,,SUB: Cousins FOR Thompson,,,5.0,201574,Jason Thompson,1610612758.0,Sacramento,Kings,SAC,5,202326,DeMarcus Cousins,1610612758.0,Sacramento,Kings,SAC,0,0,,,,,
166,0021400792,189,2,5,2,8:48 PM,6:52,Henson BLOCK (4 BLK),,MISS Cousins  Layup,,,5.0,202326,DeMarcus Cousins,1610612758.0,Sacramento,Kings,SAC,0,0,,,,,,4,203089,John Henson,1610612749.0,Milwaukee,Bucks,MIL
167,0021400792,190,4,0,2,8:48 PM,6:50,Middleton REBOUND (Off:1 Def:4),,,,,4.0,203114,Khris Middleton,1610612749.0,Milwaukee,Bucks,MIL,0,0,,,,,,0,0,,,,,
168,0021400792,192,2,1,2,8:48 PM,6:32,MISS Mayo 8' Jump Shot,,,,,4.0,201564,O.J. Mayo,1610612749.0,Milwaukee,Bucks,MIL,0,0,,,,,,0,0,,,,,
169,0021400792,193,4,0,2,8:49 PM,6:30,,,Cousins REBOUND (Off:5 Def:1),,,5.0,202326,DeMarcus Cousins,1610612758.0,Sacramento,Kings,SAC,0,0,,,,,,0,0,,,,,
170,0021400792,194,1,1,2,8:49 PM,6:18,,,Cousins 4' Jump Shot (8 PTS) (Williams 1 AST),40 - 43,3,5.0,202326,DeMarcus Cousins,1610612758.0,Sacramento,Kings,SAC,5,202682,Derrick Williams,1610612758.0,Sacramento,Kings,SAC,0,0,,,,,
171,0021400792,195,6,2,2,8:49 PM,6:18,O'Bryant S.FOUL (P1.T4),,,,,4.0,203948,Johnny O'Bryant,1610612749.0,Milwaukee,Bucks,MIL,5,202326,DeMarcus Cousins,1610612758.0,Sacramento,Kings,SAC,1,0,,,,,
172,0021400792,196,3,10,2,8:49 PM,6:18,,,MISS Cousins Free Throw 1 of 1,,,5.0,202326,DeMarcus Cousins,1610612758.0,Sacramento,Kings,SAC,0,0,,,,,,0,0,,,,,
173,0021400792,198,4,0,2,8:49 PM,6:17,,,Landry REBOUND (Off:1 Def:1),,,5.0,201171,Carl Landry,1610612758.0,Sacramento,Kings,SAC,0,0,,,,,,0,0,,,,,
174,0021400792,199,2,1,2,8:49 PM,6:12,,,MISS McLemore 25' 3PT Jump Shot,,,5.0,203463,Ben McLemore,1610612758.0,Sacramento,Kings,SAC,0,0,,,,,,0,0,,,,,
175,0021400792,200,4,0,2,8:49 PM,6:11,Mayo REBOUND (Off:0 Def:1),,,,,4.0,201564,O.J. Mayo,1610612749.0,Milwaukee,Bucks,MIL,0,0,,,,,,0,0,,,,,
176,0021400792,201,5,1,2,8:49 PM,6:06,Mayo Bad Pass Turnover (P1.T5),,McCallum STEAL (1 STL),,,4.0,201564,O.J. Mayo,1610612749.0,Milwaukee,Bucks,MIL,5,203492,Ray McCallum,1610612758.0,Sacramento,Kings,SAC,0,0,,,,,
177,0021400792,202,1,5,2,8:49 PM,6:02,,,McCallum  Layup (7 PTS),42 - 43,1,5.0,203492,Ray McCallum,1610612758.0,Sacramento,Kings,SAC,0,0,,,,,,0,0,,,,,
178,0021400792,203,2,5,2,8:50 PM,5:47,MISS Mayo  Layup,,,,,4.0,201564,O.J. Mayo,1610612749.0,Milwaukee,Bucks,MIL,0,0,,,,,,0,0,,,,,
179,0021400792,204,4,0,2,8:50 PM,5:45,,,Cousins REBOUND (Off:5 Def:2),,,5.0,202326,DeMarcus Cousins,1610612758.0,Sacramento,Kings,SAC,0,0,,,,,,0,0,,,,,
180,0021400792,205,1,1,2,8:50 PM,5:36,,,Landry 13' Jump Shot (4 PTS) (Cousins 3 AST),44 - 43,-1,5.0,201171,Carl Landry,1610612758.0,Sacramento,Kings,SAC,5,202326,DeMarcus Cousins,1610612758.0,Sacramento,Kings,SAC,0,0,,,,,
181,0021400792,206,1,1,2,8:50 PM,5:18,Mayo  3PT Jump Shot (11 PTS) (O'Bryant 1 AST),,,44 - 46,2,4.0,201564,O.J. Mayo,1610612749.0,Milwaukee,Bucks,MIL,4,203948,Johnny O'Bryant,1610612749.0,Milwaukee,Bucks,MIL,0,0,,,,,
182,0021400792,207,5,1,2,8:50 PM,5:04,Middleton STEAL (1 STL),,Cousins Bad Pass Turnover (P3.T7),,,5.0,202326,DeMarcus Cousins,1610612758.0,Sacramento,Kings,SAC,4,203114,Khris Middleton,1610612749.0,Milwaukee,Bucks,MIL,0,0,,,,,
183,0021400792,208,2,1,2,8:50 PM,4:59,MISS Middleton 3' Jump Shot,,,,,4.0,203114,Khris Middleton,1610612749.0,Milwaukee,Bucks,MIL,0,0,,,,,,0,0,,,,,
184,0021400792,210,4,0,2,8:50 PM,4:57,Mayo REBOUND (Off:1 Def:1),,,,,4.0,201564,O.J. Mayo,1610612749.0,Milwaukee,Bucks,MIL,0,0,,,,,,0,0,,,,,
185,0021400792,209,2,5,2,8:50 PM,4:57,MISS Mayo 1' Layup,,,,,4.0,201564,O.J. Mayo,1610612749.0,Milwaukee,Bucks,MIL,0,0,,,,,,0,0,,,,,
186,0021400792,211,4,0,2,8:50 PM,4:56,Mayo REBOUND (Off:2 Def:1),,,,,4.0,201564,O.J. Mayo,1610612749.0,Milwaukee,Bucks,MIL,0,0,,,,,,0,0,,,,,
187,0021400792,212,1,5,2,8:50 PM,4:56,O'Bryant  Layup (2 PTS) (Mayo 3 AST),,,44 - 48,4,4.0,203948,Johnny O'Bryant,1610612749.0,Milwaukee,Bucks,MIL,4,201564,O.J. Mayo,1610612749.0,Milwaukee,Bucks,MIL,0,0,,,,,
188,0021400792,213,6,2,2,8:50 PM,4:56,,,Williams S.FOUL (P1.T2),,,5.0,202682,Derrick Williams,1610612758.0,Sacramento,Kings,SAC,4,203948,Johnny O'Bryant,1610612749.0,Milwaukee,Bucks,MIL,1,0,,,,,
189,0021400792,214,9,1,2,8:51 PM,4:56,BUCKS Timeout: Regular (Full 2 Short 0),,,,,2.0,1610612749,,,,,,0,0,,,,,,0,0,,,,,
190,0021400792,216,8,0,2,8:53 PM,4:56,SUB: Knight FOR Mayo,,,,,4.0,201564,O.J. Mayo,1610612749.0,Milwaukee,Bucks,MIL,4,202688,Brandon Knight,1610612749.0,Milwaukee,Bucks,MIL,0,0,,,,,
191,0021400792,217,8,0,2,8:53 PM,4:56,,,SUB: Gay FOR Williams,,,5.0,202682,Derrick Williams,1610612758.0,Sacramento,Kings,SAC,5,200752,Rudy Gay,1610612758.0,Sacramento,Kings,SAC,0,0,,,,,
192,0021400792,218,3,10,2,8:53 PM,4:56,MISS O'Bryant Free Throw 1 of 1,,,,,4.0,203948,Johnny O'Bryant,1610612749.0,Milwaukee,Bucks,MIL,0,0,,,,,,0,0,,,,,
193,0021400792,220,4,0,2,8:53 PM,4:51,,,McLemore REBOUND (Off:0 Def:1),,,5.0,203463,Ben McLemore,1610612758.0,Sacramento,Kings,SAC,0,0,,,,,,0,0,,,,,
194,0021400792,221,2,1,2,8:54 PM,4:39,,,MISS Cousins 18' Jump Shot,,,5.0,202326,DeMarcus Cousins,1610612758.0,Sacramento,Kings,SAC,0,0,,,,,,0,0,,,,,
195,0021400792,222,4,0,2,8:54 PM,4:38,Middleton REBOUND (Off:1 Def:5),,,,,4.0,203114,Khris Middleton,1610612749.0,Milwaukee,Bucks,MIL,0,0,,,,,,0,0,,,,,
196,0021400792,223,1,1,2,8:54 PM,4:24,Knight 19' Jump Shot (3 PTS),,,44 - 50,6,4.0,202688,Brandon Knight,1610612749.0,Milwaukee,Bucks,MIL,0,0,,,,,,0,0,,,,,
197,0021400792,224,2,1,2,8:54 PM,4:03,,,MISS Landry 18' Jump Shot,,,5.0,201171,Carl Landry,1610612758.0,Sacramento,Kings,SAC,0,0,,,,,,0,0,,,,,
198,0021400792,225,4,0,2,8:54 PM,4:00,,,Kings Rebound,,,3.0,1610612758,,,,,,0,0,,,,,,0,0,,,,,
199,0021400792,226,2,1,2,8:55 PM,3:54,,,MISS Cousins 17' Jump Shot,,,5.0,202326,DeMarcus Cousins,1610612758.0,Sacramento,Kings,SAC,0,0,,,,,,0,0,,,,,
200,0021400792,227,4,0,2,8:55 PM,3:53,Middleton REBOUND (Off:1 Def:6),,,,,4.0,203114,Khris Middleton,1610612749.0,Milwaukee,Bucks,MIL,0,0,,,,,,0,0,,,,,
201,0021400792,228,2,1,2,8:55 PM,3:42,MISS O'Bryant 18' Jump Shot,,Cousins BLOCK (4 BLK),,,4.0,203948,Johnny O'Bryant,1610612749.0,Milwaukee,Bucks,MIL,0,0,,,,,,5,202326,DeMarcus Cousins,1610612758.0,Sacramento,Kings,SAC
202,0021400792,229,4,0,2,8:55 PM,3:40,Henson REBOUND (Off:2 Def:0),,,,,4.0,203089,John Henson,1610612749.0,Milwaukee,Bucks,MIL,0,0,,,,,,0,0,,,,,
203,0021400792,230,1,5,2,8:55 PM,3:39,Henson 1' Layup (8 PTS),,,44 - 52,8,4.0,203089,John Henson,1610612749.0,Milwaukee,Bucks,MIL,0,0,,,,,,0,0,,,,,
204,0021400792,231,2,5,2,8:55 PM,3:28,,,MISS Cousins 1' Layup,,,5.0,202326,DeMarcus Cousins,1610612758.0,Sacramento,Kings,SAC,0,0,,,,,,0,0,,,,,
205,0021400792,232,4,0,2,8:55 PM,3:27,Henson REBOUND (Off:2 Def:1),,,,,4.0,203089,John Henson,1610612749.0,Milwaukee,Bucks,MIL,0,0,,,,,,0,0,,,,,
206,0021400792,233,1,5,2,8:55 PM,3:20,O'Bryant 1' Layup (4 PTS) (Gutierrez 1 AST),,,44 - 54,10,4.0,203948,Johnny O'Bryant,1610612749.0,Milwaukee,Bucks,MIL,4,203268,Jorge Gutierrez,1610612749.0,Milwaukee,Bucks,MIL,0,0,,,,,
207,0021400792,234,1,1,2,8:55 PM,3:03,,,McCallum 24' 3PT Jump Shot (10 PTS) (Gay 2 AST),47 - 54,7,5.0,203492,Ray McCallum,1610612758.0,Sacramento,Kings,SAC,5,200752,Rudy Gay,1610612758.0,Sacramento,Kings,SAC,0,0,,,,,
208,0021400792,235,6,2,2,8:56 PM,2:50,,,Cousins S.FOUL (P2.T3),,,5.0,202326,DeMarcus Cousins,1610612758.0,Sacramento,Kings,SAC,4,203089,John Henson,1610612749.0,Milwaukee,Bucks,MIL,1,0,,,,,
209,0021400792,236,9,1,2,8:56 PM,2:50,,,Kings Timeout: Regular (Reg.2 Short 1),,,3.0,1610612758,,,,,,0,0,,,,,,0,0,,,,,
210,0021400792,238,8,0,2,8:58 PM,2:50,SUB: Antetokounmpo FOR Middleton,,,,,4.0,203114,Khris Middleton,1610612749.0,Milwaukee,Bucks,MIL,4,203507,Giannis Antetokounmpo,1610612749.0,Milwaukee,Bucks,MIL,0,0,,,,,
211,0021400792,239,8,0,2,8:58 PM,2:50,SUB: Dudley FOR O'Bryant,,,,,4.0,203948,Johnny O'Bryant,1610612749.0,Milwaukee,Bucks,MIL,4,201162,Jared Dudley,1610612749.0,Milwaukee,Bucks,MIL,0,0,,,,,
212,0021400792,240,3,11,2,8:58 PM,2:50,Henson Free Throw 1 of 2 (9 PTS),,,47 - 55,8,4.0,203089,John Henson,1610612749.0,Milwaukee,Bucks,MIL,0,0,,,,,,0,0,,,,,
213,0021400792,242,8,0,2,8:58 PM,2:50,,,SUB: Williams FOR McLemore,,,5.0,203463,Ben McLemore,1610612758.0,Sacramento,Kings,SAC,5,202682,Derrick Williams,1610612758.0,Sacramento,Kings,SAC,0,0,,,,,
214,0021400792,243,8,0,2,8:58 PM,2:50,,,SUB: Sessions FOR Landry,,,5.0,201171,Carl Landry,1610612758.0,Sacramento,Kings,SAC,5,201196,Ramon Sessions,1610612758.0,Sacramento,Kings,SAC,0,0,,,,,
215,0021400792,244,3,12,2,8:59 PM,2:50,Henson Free Throw 2 of 2 (10 PTS),,,47 - 56,9,4.0,203089,John Henson,1610612749.0,Milwaukee,Bucks,MIL,0,0,,,,,,0,0,,,,,
216,0021400792,246,5,1,2,8:59 PM,2:28,Gutierrez STEAL (1 STL),,Williams Bad Pass Turnover (P1.T8),,,5.0,202682,Derrick Williams,1610612758.0,Sacramento,Kings,SAC,4,203268,Jorge Gutierrez,1610612749.0,Milwaukee,Bucks,MIL,0,0,,,,,
217,0021400792,247,5,39,2,8:59 PM,2:28,Gutierrez Step Out of Bounds Turnover (P1.T6),,,,,4.0,203268,Jorge Gutierrez,1610612749.0,Milwaukee,Bucks,MIL,0,0,,,,,,1,0,,,,,
218,0021400792,248,2,1,2,8:59 PM,2:23,,,MISS Gay 6' Jump Shot,,,5.0,200752,Rudy Gay,1610612758.0,Sacramento,Kings,SAC,0,0,,,,,,0,0,,,,,
219,0021400792,249,4,0,2,8:59 PM,2:22,Antetokounmpo REBOUND (Off:1 Def:3),,,,,4.0,203507,Giannis Antetokounmpo,1610612749.0,Milwaukee,Bucks,MIL,0,0,,,,,,0,0,,,,,
220,0021400792,250,1,52,2,9:00 PM,2:13,Henson  Alley Oop Dunk (12 PTS) (Gutierrez 2 AST),,,47 - 58,11,4.0,203089,John Henson,1610612749.0,Milwaukee,Bucks,MIL,4,203268,Jorge Gutierrez,1610612749.0,Milwaukee,Bucks,MIL,0,0,,,,,
221,0021400792,251,1,5,2,9:00 PM,1:52,,,Cousins  Layup (10 PTS) (McCallum 2 AST),49 - 58,9,5.0,202326,DeMarcus Cousins,1610612758.0,Sacramento,Kings,SAC,5,203492,Ray McCallum,1610612758.0,Sacramento,Kings,SAC,0,0,,,,,
222,0021400792,252,6,2,2,9:00 PM,1:27,,,Sessions S.FOUL (P2.T4),,,5.0,201196,Ramon Sessions,1610612758.0,Sacramento,Kings,SAC,4,201162,Jared Dudley,1610612749.0,Milwaukee,Bucks,MIL,1,0,,,,,
223,0021400792,253,3,11,2,9:01 PM,1:27,Dudley Free Throw 1 of 2 (6 PTS),,,49 - 59,10,4.0,201162,Jared Dudley,1610612749.0,Milwaukee,Bucks,MIL,0,0,,,,,,0,0,,,,,
224,0021400792,255,3,12,2,9:01 PM,1:27,Dudley Free Throw 2 of 2 (7 PTS),,,49 - 60,11,4.0,201162,Jared Dudley,1610612749.0,Milwaukee,Bucks,MIL,0,0,,,,,,0,0,,,,,
225,0021400792,257,2,1,2,9:01 PM,1:10,,,MISS Williams 25' 3PT Jump Shot,,,5.0,202682,Derrick Williams,1610612758.0,Sacramento,Kings,SAC,0,0,,,,,,0,0,,,,,
226,0021400792,258,4,0,2,9:01 PM,1:09,Knight REBOUND (Off:1 Def:2),,,,,4.0,202688,Brandon Knight,1610612749.0,Milwaukee,Bucks,MIL,0,0,,,,,,0,0,,,,,
227,0021400792,259,5,1,2,9:01 PM,1:03,Knight Bad Pass Turnover (P2.T7),,,,,4.0,202688,Brandon Knight,1610612749.0,Milwaukee,Bucks,MIL,0,0,,,,,,0,0,,,,,
228,0021400792,260,2,1,2,9:02 PM,0:43,,,MISS Sessions 5' Jump Shot,,,5.0,201196,Ramon Sessions,1610612758.0,Sacramento,Kings,SAC,0,0,,,,,,0,0,,,,,
229,0021400792,261,4,0,2,9:02 PM,0:42,Knight REBOUND (Off:1 Def:3),,,,,4.0,202688,Brandon Knight,1610612749.0,Milwaukee,Bucks,MIL,0,0,,,,,,0,0,,,,,
230,0021400792,262,2,5,2,9:02 PM,0:37,MISS Gutierrez 2' Layup,,,,,4.0,203268,Jorge Gutierrez,1610612749.0,Milwaukee,Bucks,MIL,0,0,,,,,,0,0,,,,,
231,0021400792,263,4,0,2,9:02 PM,0:35,Knight REBOUND (Off:2 Def:3),,,,,4.0,202688,Brandon Knight,1610612749.0,Milwaukee,Bucks,MIL,0,0,,,,,,0,0,,,,,
232,0021400792,264,2,3,2,9:02 PM,0:30,MISS Henson 5' Hook Shot,,,,,4.0,203089,John Henson,1610612749.0,Milwaukee,Bucks,MIL,0,0,,,,,,0,0,,,,,
233,0021400792,265,4,0,2,9:02 PM,0:30,,,Cousins REBOUND (Off:5 Def:3),,,5.0,202326,DeMarcus Cousins,1610612758.0,Sacramento,Kings,SAC,0,0,,,,,,0,0,,,,,
234,0021400792,266,6,3,2,9:02 PM,0:30,Henson L.B.FOUL (P2.PN),,,,,4.0,203089,John Henson,1610612749.0,Milwaukee,Bucks,MIL,5,202326,DeMarcus Cousins,1610612758.0,Sacramento,Kings,SAC,1,0,,,,,
235,0021400792,267,3,11,2,9:03 PM,0:30,,,Cousins Free Throw 1 of 2 (11 PTS),50 - 60,10,5.0,202326,DeMarcus Cousins,1610612758.0,Sacramento,Kings,SAC,0,0,,,,,,0,0,,,,,
236,0021400792,269,3,12,2,9:03 PM,0:30,,,Cousins Free Throw 2 of 2 (12 PTS),51 - 60,9,5.0,202326,DeMarcus Cousins,1610612758.0,Sacramento,Kings,SAC,0,0,,,,,,0,0,,,,,
237,0021400792,271,5,4,2,9:03 PM,0:10,Antetokounmpo Traveling Turnover (P1.T8),,,,,4.0,203507,Giannis Antetokounmpo,1610612749.0,Milwaukee,Bucks,MIL,0,0,,,,,,1,0,,,,,
238,0021400792,272,5,39,2,9:04 PM,0:02,,,McCallum Step Out of Bounds Turnover (P2.T9),,,5.0,203492,Ray McCallum,1610612758.0,Sacramento,Kings,SAC,0,0,,,,,,1,0,,,,,
239,0021400792,273,2,1,2,9:04 PM,0:00,MISS Antetokounmpo 33' 3PT Jump Shot,,,,,4.0,203507,Giannis Antetokounmpo,1610612749.0,Milwaukee,Bucks,MIL,0,0,,,,,,0,0,,,,,
240,0021400792,274,4,0,2,9:04 PM,0:00,BUCKS Rebound,,,,,2.0,1610612749,,,,,,0,0,,,,,,0,0,,,,,
241,0021400792,275,13,0,2,9:04 PM,0:00,,,,51 - 60,9,0.0,0,,,,,,0,0,,,,,,0,0,,,,,
242,0021400792,277,12,0,3,9:20 PM,12:00,,,,51 - 60,9,0.0,0,,,,,,0,0,,,,,,0,0,,,,,
243,0021400792,278,2,5,3,9:20 PM,11:38,,,MISS McLemore  Layup,,,5.0,203463,Ben McLemore,1610612758.0,Sacramento,Kings,SAC,0,0,,,,,,0,0,,,,,
244,0021400792,279,4,0,3,9:20 PM,11:36,,,Gay REBOUND (Off:1 Def:1),,,5.0,200752,Rudy Gay,1610612758.0,Sacramento,Kings,SAC,0,0,,,,,,0,0,,,,,
245,0021400792,280,5,1,3,9:20 PM,11:28,,,Gay Bad Pass Turnover (P1.T10),,,5.0,200752,Rudy Gay,1610612758.0,Sacramento,Kings,SAC,0,0,,,,,,0,0,,,,,
246,0021400792,281,2,1,3,9:21 PM,11:13,MISS Middleton 17' Jump Shot,,,,,4.0,203114,Khris Middleton,1610612749.0,Milwaukee,Bucks,MIL,0,0,,,,,,0,0,,,,,
247,0021400792,282,4,0,3,9:21 PM,11:12,,,Cousins REBOUND (Off:5 Def:4),,,5.0,202326,DeMarcus Cousins,1610612758.0,Sacramento,Kings,SAC,0,0,,,,,,0,0,,,,,
248,0021400792,283,5,1,3,9:21 PM,11:00,Antetokounmpo STEAL (1 STL),,Sessions Bad Pass Turnover (P1.T11),,,5.0,201196,Ramon Sessions,1610612758.0,Sacramento,Kings,SAC,4,203507,Giannis Antetokounmpo,1610612749.0,Milwaukee,Bucks,MIL,0,0,,,,,
249,0021400792,284,1,50,3,9:21 PM,10:57,Antetokounmpo  Running Dunk (6 PTS),,,51 - 62,11,4.0,203507,Giannis Antetokounmpo,1610612749.0,Milwaukee,Bucks,MIL,0,0,,,,,,0,0,,,,,
250,0021400792,285,2,1,3,9:21 PM,10:32,,,MISS Casspi 24' 3PT Jump Shot,,,5.0,201956,Omri Casspi,1610612758.0,Sacramento,Kings,SAC,0,0,,,,,,0,0,,,,,
251,0021400792,286,4,0,3,9:21 PM,10:29,Dudley REBOUND (Off:0 Def:1),,,,,4.0,201162,Jared Dudley,1610612749.0,Milwaukee,Bucks,MIL,0,0,,,,,,0,0,,,,,
252,0021400792,287,6,4,3,9:22 PM,10:22,Antetokounmpo OFF.Foul (P2),,,,,4.0,203507,Giannis Antetokounmpo,1610612749.0,Milwaukee,Bucks,MIL,5,200752,Rudy Gay,1610612758.0,Sacramento,Kings,SAC,1,0,,,,,
253,0021400792,288,5,5,3,9:22 PM,10:22,Antetokounmpo Foul Turnover (P2.T9),,,,,4.0,203507,Giannis Antetokounmpo,1610612749.0,Milwaukee,Bucks,MIL,0,0,,,,,,1,0,,,,,
254,0021400792,289,1,3,3,9:22 PM,10:09,,,Gay 7' Hook Shot (10 PTS) (Sessions 1 AST),53 - 62,9,5.0,200752,Rudy Gay,1610612758.0,Sacramento,Kings,SAC,5,201196,Ramon Sessions,1610612758.0,Sacramento,Kings,SAC,0,0,,,,,
255,0021400792,290,2,3,3,9:22 PM,9:51,MISS Henson 7' Hook Shot,,,,,4.0,203089,John Henson,1610612749.0,Milwaukee,Bucks,MIL,0,0,,,,,,0,0,,,,,
256,0021400792,291,4,0,3,9:22 PM,9:50,,,Casspi REBOUND (Off:1 Def:1),,,5.0,201956,Omri Casspi,1610612758.0,Sacramento,Kings,SAC,0,0,,,,,,0,0,,,,,
257,0021400792,292,1,5,3,9:22 PM,9:40,,,Casspi 1' Layup (4 PTS) (Sessions 2 AST),55 - 62,7,5.0,201956,Omri Casspi,1610612758.0,Sacramento,Kings,SAC,5,201196,Ramon Sessions,1610612758.0,Sacramento,Kings,SAC,0,0,,,,,
258,0021400792,293,2,1,3,9:23 PM,9:25,MISS Knight 26' 3PT Jump Shot,,,,,4.0,202688,Brandon Knight,1610612749.0,Milwaukee,Bucks,MIL,0,0,,,,,,0,0,,,,,
259,0021400792,294,4,0,3,9:23 PM,9:24,Middleton REBOUND (Off:2 Def:6),,,,,4.0,203114,Khris Middleton,1610612749.0,Milwaukee,Bucks,MIL,0,0,,,,,,0,0,,,,,
260,0021400792,295,6,3,3,9:23 PM,9:24,,,Cousins L.B.FOUL (P3.T1),,,5.0,202326,DeMarcus Cousins,1610612758.0,Sacramento,Kings,SAC,4,203114,Khris Middleton,1610612749.0,Milwaukee,Bucks,MIL,1,0,,,,,
261,0021400792,296,2,1,3,9:23 PM,9:18,MISS Knight 19' Jump Shot,,,,,4.0,202688,Brandon Knight,1610612749.0,Milwaukee,Bucks,MIL,0,0,,,,,,0,0,,,,,
262,0021400792,297,4,0,3,9:23 PM,9:17,,,Cousins REBOUND (Off:5 Def:5),,,5.0,202326,DeMarcus Cousins,1610612758.0,Sacramento,Kings,SAC,0,0,,,,,,0,0,,,,,
263,0021400792,298,2,5,3,9:23 PM,9:06,,,MISS Sessions 1' Layup,,,5.0,201196,Ramon Sessions,1610612758.0,Sacramento,Kings,SAC,0,0,,,,,,0,0,,,,,
264,0021400792,299,4,0,3,9:23 PM,9:05,,,Casspi REBOUND (Off:2 Def:1),,,5.0,201956,Omri Casspi,1610612758.0,Sacramento,Kings,SAC,0,0,,,,,,0,0,,,,,
265,0021400792,300,1,4,3,9:23 PM,9:03,,,Casspi  Tip Shot (6 PTS),57 - 62,5,5.0,201956,Omri Casspi,1610612758.0,Sacramento,Kings,SAC,0,0,,,,,,0,0,,,,,
266,0021400792,301,6,1,3,9:24 PM,8:47,,,McLemore P.FOUL (P3.T2),,,5.0,203463,Ben McLemore,1610612758.0,Sacramento,Kings,SAC,4,203114,Khris Middleton,1610612749.0,Milwaukee,Bucks,MIL,1,0,,,,,
267,0021400792,302,2,5,3,9:24 PM,8:43,MISS Antetokounmpo  Layup,,,,,4.0,203507,Giannis Antetokounmpo,1610612749.0,Milwaukee,Bucks,MIL,0,0,,,,,,0,0,,,,,
268,0021400792,303,4,0,3,9:24 PM,8:41,,,Gay REBOUND (Off:1 Def:2),,,5.0,200752,Rudy Gay,1610612758.0,Sacramento,Kings,SAC,0,0,,,,,,0,0,,,,,
269,0021400792,304,2,7,3,9:24 PM,8:37,,,MISS McLemore  Dunk,,,5.0,203463,Ben McLemore,1610612758.0,Sacramento,Kings,SAC,0,0,,,,,,0,0,,,,,
270,0021400792,305,4,0,3,9:24 PM,8:35,Dudley REBOUND (Off:0 Def:2),,,,,4.0,201162,Jared Dudley,1610612749.0,Milwaukee,Bucks,MIL,0,0,,,,,,0,0,,,,,
271,0021400792,306,1,42,3,9:24 PM,8:27,Knight 1' Driving Layup (5 PTS),,,57 - 64,7,4.0,202688,Brandon Knight,1610612749.0,Milwaukee,Bucks,MIL,0,0,,,,,,0,0,,,,,
272,0021400792,307,6,2,3,9:25 PM,8:00,Henson S.FOUL (P3.T1),,,,,4.0,203089,John Henson,1610612749.0,Milwaukee,Bucks,MIL,5,202326,DeMarcus Cousins,1610612758.0,Sacramento,Kings,SAC,1,0,,,,,
273,0021400792,308,3,11,3,9:25 PM,8:00,,,Cousins Free Throw 1 of 2 (13 PTS),58 - 64,6,5.0,202326,DeMarcus Cousins,1610612758.0,Sacramento,Kings,SAC,0,0,,,,,,0,0,,,,,
274,0021400792,310,3,12,3,9:25 PM,8:00,,,Cousins Free Throw 2 of 2 (14 PTS),59 - 64,5,5.0,202326,DeMarcus Cousins,1610612758.0,Sacramento,Kings,SAC,0,0,,,,,,0,0,,,,,
275,0021400792,312,5,40,3,9:26 PM,7:48,Knight Out of Bounds Lost Ball Turnover (P3.T10),,,,,4.0,202688,Brandon Knight,1610612749.0,Milwaukee,Bucks,MIL,0,0,,,,,,0,0,,,,,
276,0021400792,313,6,29,3,9:26 PM,7:30,Henson Shooting Block Foul (P4.T2),,,,,4.0,203089,John Henson,1610612749.0,Milwaukee,Bucks,MIL,5,202326,DeMarcus Cousins,1610612758.0,Sacramento,Kings,SAC,1,0,,,,,
277,0021400792,314,6,11,3,9:27 PM,7:30,Henson T.FOUL (P4.T2),,,,,4.0,203089,John Henson,1610612749.0,Milwaukee,Bucks,MIL,0,0,,,,,,1,0,,,,,
278,0021400792,315,3,16,3,9:27 PM,7:30,,,Gay Free Throw Technical (11 PTS),60 - 64,4,5.0,200752,Rudy Gay,1610612758.0,Sacramento,Kings,SAC,0,0,,,,,,0,0,,,,,
279,0021400792,317,3,11,3,9:27 PM,7:30,,,Cousins Free Throw 1 of 2 (15 PTS),61 - 64,3,5.0,202326,DeMarcus Cousins,1610612758.0,Sacramento,Kings,SAC,0,0,,,,,,0,0,,,,,
280,0021400792,319,8,0,3,9:27 PM,7:30,SUB: Pachulia FOR Henson,,,,,4.0,203089,John Henson,1610612749.0,Milwaukee,Bucks,MIL,4,2585,Zaza Pachulia,1610612749.0,Milwaukee,Bucks,MIL,0,0,,,,,
281,0021400792,320,3,12,3,9:27 PM,7:30,,,Cousins Free Throw 2 of 2 (16 PTS),62 - 64,2,5.0,202326,DeMarcus Cousins,1610612758.0,Sacramento,Kings,SAC,0,0,,,,,,0,0,,,,,
282,0021400792,322,1,1,3,9:28 PM,7:20,Middleton 19' Jump Shot (13 PTS) (Knight 3 AST),,,62 - 66,4,4.0,203114,Khris Middleton,1610612749.0,Milwaukee,Bucks,MIL,4,202688,Brandon Knight,1610612749.0,Milwaukee,Bucks,MIL,0,0,,,,,
283,0021400792,323,1,5,3,9:28 PM,7:08,,,Cousins 1' Layup (18 PTS) (Sessions 3 AST),64 - 66,2,5.0,202326,DeMarcus Cousins,1610612758.0,Sacramento,Kings,SAC,5,201196,Ramon Sessions,1610612758.0,Sacramento,Kings,SAC,0,0,,,,,
284,0021400792,324,2,5,3,9:28 PM,6:55,MISS Antetokounmpo 1' Layup,,,,,4.0,203507,Giannis Antetokounmpo,1610612749.0,Milwaukee,Bucks,MIL,0,0,,,,,,0,0,,,,,
285,0021400792,325,4,0,3,9:28 PM,6:54,,,Cousins REBOUND (Off:5 Def:6),,,5.0,202326,DeMarcus Cousins,1610612758.0,Sacramento,Kings,SAC,0,0,,,,,,0,0,,,,,
286,0021400792,326,5,2,3,9:28 PM,6:48,Middleton STEAL (2 STL),,Cousins Lost Ball Turnover (P4.T12),,,5.0,202326,DeMarcus Cousins,1610612758.0,Sacramento,Kings,SAC,4,203114,Khris Middleton,1610612749.0,Milwaukee,Bucks,MIL,0,0,,,,,
287,0021400792,327,1,5,3,9:28 PM,6:44,Knight 1' Layup (7 PTS) (Middleton 3 AST),,,64 - 68,4,4.0,202688,Brandon Knight,1610612749.0,Milwaukee,Bucks,MIL,4,203114,Khris Middleton,1610612749.0,Milwaukee,Bucks,MIL,0,0,,,,,
288,0021400792,328,5,1,3,9:28 PM,6:23,,,Cousins Bad Pass Turnover (P5.T13),,,5.0,202326,DeMarcus Cousins,1610612758.0,Sacramento,Kings,SAC,0,0,,,,,,0,0,,,,,
289,0021400792,329,5,1,3,9:29 PM,6:20,Knight Bad Pass Turnover (P4.T11),,McLemore STEAL (2 STL),,,4.0,202688,Brandon Knight,1610612749.0,Milwaukee,Bucks,MIL,5,203463,Ben McLemore,1610612758.0,Sacramento,Kings,SAC,0,0,,,,,
290,0021400792,330,2,1,3,9:29 PM,6:00,,,MISS Casspi 4' Jump Shot,,,5.0,201956,Omri Casspi,1610612758.0,Sacramento,Kings,SAC,0,0,,,,,,0,0,,,,,
291,0021400792,331,4,0,3,9:29 PM,5:59,Pachulia REBOUND (Off:0 Def:4),,,,,4.0,2585,Zaza Pachulia,1610612749.0,Milwaukee,Bucks,MIL,0,0,,,,,,0,0,,,,,
292,0021400792,333,9,1,3,9:29 PM,5:59,BUCKS Timeout: Regular (Full 3 Short 0),,,,,2.0,1610612749,,,,,,0,0,,,,,,0,0,,,,,
293,0021400792,335,6,2,3,9:32 PM,5:50,,,McLemore S.FOUL (P4.T3),,,5.0,203463,Ben McLemore,1610612758.0,Sacramento,Kings,SAC,4,203114,Khris Middleton,1610612749.0,Milwaukee,Bucks,MIL,1,0,,,,,
294,0021400792,336,3,11,3,9:32 PM,5:50,Middleton Free Throw 1 of 2 (14 PTS),,,64 - 69,5,4.0,203114,Khris Middleton,1610612749.0,Milwaukee,Bucks,MIL,0,0,,,,,,0,0,,,,,
295,0021400792,338,8,0,3,9:32 PM,5:50,,,SUB: Williams FOR McLemore,,,5.0,203463,Ben McLemore,1610612758.0,Sacramento,Kings,SAC,5,202682,Derrick Williams,1610612758.0,Sacramento,Kings,SAC,0,0,,,,,
296,0021400792,339,3,12,3,9:32 PM,5:50,Middleton Free Throw 2 of 2 (15 PTS),,,64 - 70,6,4.0,203114,Khris Middleton,1610612749.0,Milwaukee,Bucks,MIL,0,0,,,,,,0,0,,,,,
297,0021400792,343,1,1,3,9:33 PM,5:24,,,Gay 26' 3PT Jump Shot (14 PTS) (Cousins 4 AST),67 - 70,3,5.0,200752,Rudy Gay,1610612758.0,Sacramento,Kings,SAC,5,202326,DeMarcus Cousins,1610612758.0,Sacramento,Kings,SAC,0,0,,,,,
298,0021400792,344,2,1,3,9:33 PM,5:12,MISS Middleton 26' 3PT Jump Shot,,,,,4.0,203114,Khris Middleton,1610612749.0,Milwaukee,Bucks,MIL,0,0,,,,,,0,0,,,,,
299,0021400792,345,4,0,3,9:33 PM,5:11,,,Cousins REBOUND (Off:5 Def:7),,,5.0,202326,DeMarcus Cousins,1610612758.0,Sacramento,Kings,SAC,0,0,,,,,,0,0,,,,,
300,0021400792,346,5,1,3,9:34 PM,5:04,,,Sessions Bad Pass Turnover (P2.T14),,,5.0,201196,Ramon Sessions,1610612758.0,Sacramento,Kings,SAC,0,0,,,,,,0,0,,,,,
301,0021400792,347,1,41,3,9:34 PM,4:52,Pachulia 1' Running Layup (6 PTS) (Knight 4 AST),,,67 - 72,5,4.0,2585,Zaza Pachulia,1610612749.0,Milwaukee,Bucks,MIL,4,202688,Brandon Knight,1610612749.0,Milwaukee,Bucks,MIL,0,0,,,,,
302,0021400792,348,2,3,3,9:34 PM,4:29,,,MISS Casspi 5' Hook Shot,,,5.0,201956,Omri Casspi,1610612758.0,Sacramento,Kings,SAC,0,0,,,,,,0,0,,,,,
303,0021400792,349,4,0,3,9:34 PM,4:27,Antetokounmpo REBOUND (Off:1 Def:4),,,,,4.0,203507,Giannis Antetokounmpo,1610612749.0,Milwaukee,Bucks,MIL,0,0,,,,,,0,0,,,,,
304,0021400792,350,1,5,3,9:35 PM,4:21,Antetokounmpo 1' Layup (8 PTS),,,67 - 74,7,4.0,203507,Giannis Antetokounmpo,1610612749.0,Milwaukee,Bucks,MIL,0,0,,,,,,0,0,,,,,
305,0021400792,351,6,2,3,9:35 PM,4:21,,,Gay S.FOUL (P2.T4),,,5.0,200752,Rudy Gay,1610612758.0,Sacramento,Kings,SAC,4,203507,Giannis Antetokounmpo,1610612749.0,Milwaukee,Bucks,MIL,1,0,,,,,
306,0021400792,352,8,0,3,9:35 PM,4:21,,,SUB: McCallum FOR Sessions,,,5.0,201196,Ramon Sessions,1610612758.0,Sacramento,Kings,SAC,5,203492,Ray McCallum,1610612758.0,Sacramento,Kings,SAC,0,0,,,,,
307,0021400792,353,8,0,3,9:35 PM,4:21,SUB: Mayo FOR Middleton,,,,,4.0,203114,Khris Middleton,1610612749.0,Milwaukee,Bucks,MIL,4,201564,O.J. Mayo,1610612749.0,Milwaukee,Bucks,MIL,0,0,,,,,
308,0021400792,354,3,10,3,9:35 PM,4:21,Antetokounmpo Free Throw 1 of 1 (9 PTS),,,67 - 75,8,4.0,203507,Giannis Antetokounmpo,1610612749.0,Milwaukee,Bucks,MIL,0,0,,,,,,0,0,,,,,
309,0021400792,356,6,10,3,9:36 PM,4:06,,,,,,4.0,2585,Zaza Pachulia,1610612749.0,Milwaukee,Bucks,MIL,5,202326,DeMarcus Cousins,1610612758.0,Sacramento,Kings,SAC,1,0,,,,,
310,0021400792,358,8,0,3,9:36 PM,4:06,,,SUB: Thompson FOR Cousins,,,5.0,202326,DeMarcus Cousins,1610612758.0,Sacramento,Kings,SAC,5,201574,Jason Thompson,1610612758.0,Sacramento,Kings,SAC,0,0,,,,,
311,0021400792,359,6,1,3,9:36 PM,3:59,Antetokounmpo P.FOUL (P3.T3),,,,,4.0,203507,Giannis Antetokounmpo,1610612749.0,Milwaukee,Bucks,MIL,5,200752,Rudy Gay,1610612758.0,Sacramento,Kings,SAC,1,0,,,,,
312,0021400792,360,2,1,3,9:37 PM,3:53,,,MISS Gay 8' Jump Shot,,,5.0,200752,Rudy Gay,1610612758.0,Sacramento,Kings,SAC,0,0,,,,,,0,0,,,,,
313,0021400792,361,4,0,3,9:37 PM,3:52,Pachulia REBOUND (Off:0 Def:5),,,,,4.0,2585,Zaza Pachulia,1610612749.0,Milwaukee,Bucks,MIL,0,0,,,,,,0,0,,,,,
314,0021400792,362,1,5,3,9:37 PM,3:40,Dudley 1' Layup (9 PTS) (Pachulia 1 AST),,,67 - 77,10,4.0,201162,Jared Dudley,1610612749.0,Milwaukee,Bucks,MIL,4,2585,Zaza Pachulia,1610612749.0,Milwaukee,Bucks,MIL,0,0,,,,,
315,0021400792,363,9,1,3,9:37 PM,3:40,,,Kings Timeout: Regular (Reg.3 Short 1),,,3.0,1610612758,,,,,,0,0,,,,,,0,0,,,,,
316,0021400792,365,8,0,3,9:39 PM,3:36,,,SUB: Landry FOR Casspi,,,5.0,201956,Omri Casspi,1610612758.0,Sacramento,Kings,SAC,5,201171,Carl Landry,1610612758.0,Sacramento,Kings,SAC,0,0,,,,,
317,0021400792,366,10,0,3,9:40 PM,3:19,Jump Ball Mayo vs. Gay: Tip to Knight,,,,,4.0,201564,O.J. Mayo,1610612749.0,Milwaukee,Bucks,MIL,5,200752,Rudy Gay,1610612758.0,Sacramento,Kings,SAC,4,202688,Brandon Knight,1610612749.0,Milwaukee,Bucks,MIL
318,0021400792,367,5,2,3,9:40 PM,3:19,,,Gay Lost Ball Turnover (P2.T15),,,5.0,200752,Rudy Gay,1610612758.0,Sacramento,Kings,SAC,0,0,,,,,,0,0,,,,,
319,0021400792,368,1,1,3,9:40 PM,3:03,Knight 15' Jump Shot (9 PTS),,,67 - 79,12,4.0,202688,Brandon Knight,1610612749.0,Milwaukee,Bucks,MIL,0,0,,,,,,0,0,,,,,
320,0021400792,369,2,1,3,9:41 PM,2:38,,,MISS McCallum 16' Jump Shot,,,5.0,203492,Ray McCallum,1610612758.0,Sacramento,Kings,SAC,0,0,,,,,,0,0,,,,,
321,0021400792,370,4,0,3,9:41 PM,2:36,Dudley REBOUND (Off:0 Def:3),,,,,4.0,201162,Jared Dudley,1610612749.0,Milwaukee,Bucks,MIL,0,0,,,,,,0,0,,,,,
322,0021400792,371,2,1,3,9:41 PM,2:30,MISS Mayo 26' 3PT Jump Shot,,,,,4.0,201564,O.J. Mayo,1610612749.0,Milwaukee,Bucks,MIL,0,0,,,,,,0,0,,,,,
323,0021400792,372,4,0,3,9:41 PM,2:29,,,Gay REBOUND (Off:1 Def:3),,,5.0,200752,Rudy Gay,1610612758.0,Sacramento,Kings,SAC,0,0,,,,,,0,0,,,,,
324,0021400792,373,5,2,3,9:41 PM,2:21,Antetokounmpo STEAL (2 STL),,Gay Lost Ball Turnover (P3.T16),,,5.0,200752,Rudy Gay,1610612758.0,Sacramento,Kings,SAC,4,203507,Giannis Antetokounmpo,1610612749.0,Milwaukee,Bucks,MIL,0,0,,,,,
325,0021400792,374,1,7,3,9:41 PM,2:18,Knight  Dunk (11 PTS) (Dudley 2 AST),,,67 - 81,14,4.0,202688,Brandon Knight,1610612749.0,Milwaukee,Bucks,MIL,4,201162,Jared Dudley,1610612749.0,Milwaukee,Bucks,MIL,0,0,,,,,
326,0021400792,375,1,1,3,9:41 PM,1:55,,,Thompson 19' Jump Shot (4 PTS) (McCallum 3 AST),69 - 81,12,5.0,201574,Jason Thompson,1610612758.0,Sacramento,Kings,SAC,5,203492,Ray McCallum,1610612758.0,Sacramento,Kings,SAC,0,0,,,,,
327,0021400792,376,2,1,3,9:42 PM,1:39,MISS Knight 26' 3PT Jump Shot,,,,,4.0,202688,Brandon Knight,1610612749.0,Milwaukee,Bucks,MIL,0,0,,,,,,0,0,,,,,
328,0021400792,377,4,0,3,9:42 PM,1:38,,,Gay REBOUND (Off:1 Def:4),,,5.0,200752,Rudy Gay,1610612758.0,Sacramento,Kings,SAC,0,0,,,,,,0,0,,,,,
329,0021400792,378,6,29,3,9:42 PM,1:27,Dudley Shooting Block Foul (P1.T4),,,,,4.0,201162,Jared Dudley,1610612749.0,Milwaukee,Bucks,MIL,5,202682,Derrick Williams,1610612758.0,Sacramento,Kings,SAC,1,0,,,,,
330,0021400792,379,3,11,3,9:42 PM,1:27,,,MISS Williams Free Throw 1 of 2,,,5.0,202682,Derrick Williams,1610612758.0,Sacramento,Kings,SAC,0,0,,,,,,0,0,,,,,
331,0021400792,380,4,1,3,9:42 PM,1:27,,,Kings Rebound,,,3.0,1610612758,,,,,,0,0,,,,,,0,0,,,,,
332,0021400792,381,8,0,3,9:42 PM,1:27,SUB: O'Bryant FOR Dudley,,,,,4.0,201162,Jared Dudley,1610612749.0,Milwaukee,Bucks,MIL,4,203948,Johnny O'Bryant,1610612749.0,Milwaukee,Bucks,MIL,0,0,,,,,
333,0021400792,382,3,12,3,9:43 PM,1:27,,,MISS Williams Free Throw 2 of 2,,,5.0,202682,Derrick Williams,1610612758.0,Sacramento,Kings,SAC,0,0,,,,,,0,0,,,,,
334,0021400792,384,4,0,3,9:43 PM,1:26,Antetokounmpo REBOUND (Off:1 Def:5),,,,,4.0,203507,Giannis Antetokounmpo,1610612749.0,Milwaukee,Bucks,MIL,0,0,,,,,,0,0,,,,,
335,0021400792,385,1,1,3,9:43 PM,1:12,Knight 27' 3PT Jump Shot (14 PTS) (Antetokounmpo 2 AST),,,69 - 84,15,4.0,202688,Brandon Knight,1610612749.0,Milwaukee,Bucks,MIL,4,203507,Giannis Antetokounmpo,1610612749.0,Milwaukee,Bucks,MIL,0,0,,,,,
336,0021400792,386,2,1,3,9:43 PM,0:50,,,MISS Williams 27' 3PT Jump Shot,,,5.0,202682,Derrick Williams,1610612758.0,Sacramento,Kings,SAC,0,0,,,,,,0,0,,,,,
337,0021400792,387,4,0,3,9:43 PM,0:48,,,Gay REBOUND (Off:2 Def:4),,,5.0,200752,Rudy Gay,1610612758.0,Sacramento,Kings,SAC,0,0,,,,,,0,0,,,,,
338,0021400792,388,2,1,3,9:44 PM,0:31,,,MISS McCallum 27' 3PT Jump Shot,,,5.0,203492,Ray McCallum,1610612758.0,Sacramento,Kings,SAC,0,0,,,,,,0,0,,,,,
339,0021400792,389,4,0,3,9:44 PM,0:28,O'Bryant REBOUND (Off:0 Def:4),,,,,4.0,203948,Johnny O'Bryant,1610612749.0,Milwaukee,Bucks,MIL,0,0,,,,,,0,0,,,,,
340,0021400792,390,1,1,3,9:44 PM,0:07,Knight 26' 3PT Jump Shot (17 PTS),,,69 - 87,18,4.0,202688,Brandon Knight,1610612749.0,Milwaukee,Bucks,MIL,0,0,,,,,,0,0,,,,,
341,0021400792,391,2,1,3,9:44 PM,0:00,,,MISS Williams 28' 3PT Jump Shot,,,5.0,202682,Derrick Williams,1610612758.0,Sacramento,Kings,SAC,0,0,,,,,,0,0,,,,,
342,0021400792,392,4,0,3,9:44 PM,0:00,,,Thompson REBOUND (Off:3 Def:1),,,5.0,201574,Jason Thompson,1610612758.0,Sacramento,Kings,SAC,0,0,,,,,,0,0,,,,,
343,0021400792,393,13,0,3,9:44 PM,0:00,,,,69 - 87,18,0.0,0,,,,,,0,0,,,,,,0,0,,,,,
344,0021400792,395,12,0,4,9:47 PM,12:00,,,,69 - 87,18,0.0,0,,,,,,0,0,,,,,,0,0,,,,,
345,0021400792,396,1,1,4,9:47 PM,11:43,Pachulia 15' Jump Shot (8 PTS) (Gutierrez 3 AST),,,69 - 89,20,4.0,2585,Zaza Pachulia,1610612749.0,Milwaukee,Bucks,MIL,4,203268,Jorge Gutierrez,1610612749.0,Milwaukee,Bucks,MIL,0,0,,,,,
346,0021400792,397,2,1,4,9:48 PM,11:18,,,MISS McCallum 17' Jump Shot,,,5.0,203492,Ray McCallum,1610612758.0,Sacramento,Kings,SAC,0,0,,,,,,0,0,,,,,
347,0021400792,399,4,0,4,9:48 PM,11:17,,,Thompson REBOUND (Off:4 Def:1),,,5.0,201574,Jason Thompson,1610612758.0,Sacramento,Kings,SAC,0,0,,,,,,0,0,,,,,
348,0021400792,398,1,4,4,9:48 PM,11:17,,,Thompson 1' Tip Shot (6 PTS),71 - 89,18,5.0,201574,Jason Thompson,1610612758.0,Sacramento,Kings,SAC,0,0,,,,,,0,0,,,,,
349,0021400792,400,1,1,4,9:48 PM,10:58,Mayo  3PT Jump Shot (14 PTS) (O'Bryant 2 AST),,,71 - 92,21,4.0,201564,O.J. Mayo,1610612749.0,Milwaukee,Bucks,MIL,4,203948,Johnny O'Bryant,1610612749.0,Milwaukee,Bucks,MIL,0,0,,,,,
350,0021400792,401,1,1,4,9:48 PM,10:41,,,Cousins 19' Jump Shot (20 PTS) (McCallum 4 AST),73 - 92,19,5.0,202326,DeMarcus Cousins,1610612758.0,Sacramento,Kings,SAC,5,203492,Ray McCallum,1610612758.0,Sacramento,Kings,SAC,0,0,,,,,
351,0021400792,402,1,1,4,9:49 PM,10:21,Gutierrez 18' Jump Shot (2 PTS) (Mayo 4 AST),,,73 - 94,21,4.0,203268,Jorge Gutierrez,1610612749.0,Milwaukee,Bucks,MIL,4,201564,O.J. Mayo,1610612749.0,Milwaukee,Bucks,MIL,0,0,,,,,
352,0021400792,403,6,1,4,9:49 PM,10:11,Gutierrez P.FOUL (P1.T1),,,,,4.0,203268,Jorge Gutierrez,1610612749.0,Milwaukee,Bucks,MIL,5,203492,Ray McCallum,1610612758.0,Sacramento,Kings,SAC,1,0,,,,,
353,0021400792,404,2,1,4,9:49 PM,9:58,,,MISS McLemore  3PT Jump Shot,,,5.0,203463,Ben McLemore,1610612758.0,Sacramento,Kings,SAC,0,0,,,,,,0,0,,,,,
354,0021400792,405,4,0,4,9:49 PM,9:57,Antetokounmpo REBOUND (Off:1 Def:6),,,,,4.0,203507,Giannis Antetokounmpo,1610612749.0,Milwaukee,Bucks,MIL,0,0,,,,,,0,0,,,,,
355,0021400792,406,2,1,4,9:49 PM,9:45,MISS Mayo 15' Jump Shot,,,,,4.0,201564,O.J. Mayo,1610612749.0,Milwaukee,Bucks,MIL,0,0,,,,,,0,0,,,,,
356,0021400792,407,4,0,4,9:50 PM,9:44,,,Cousins REBOUND (Off:5 Def:8),,,5.0,202326,DeMarcus Cousins,1610612758.0,Sacramento,Kings,SAC,0,0,,,,,,0,0,,,,,
357,0021400792,408,2,5,4,9:50 PM,9:29,,,MISS Cousins  Layup,,,5.0,202326,DeMarcus Cousins,1610612758.0,Sacramento,Kings,SAC,0,0,,,,,,0,0,,,,,
358,0021400792,409,4,0,4,9:50 PM,9:27,Pachulia REBOUND (Off:0 Def:6),,,,,4.0,2585,Zaza Pachulia,1610612749.0,Milwaukee,Bucks,MIL,0,0,,,,,,0,0,,,,,
359,0021400792,410,5,2,4,9:50 PM,9:14,O'Bryant Lost Ball Turnover (P1.T12),,Thompson STEAL (1 STL),,,4.0,203948,Johnny O'Bryant,1610612749.0,Milwaukee,Bucks,MIL,5,201574,Jason Thompson,1610612758.0,Sacramento,Kings,SAC,0,0,,,,,
360,0021400792,411,6,1,4,9:50 PM,9:11,Antetokounmpo P.FOUL (P4.T2),,,,,4.0,203507,Giannis Antetokounmpo,1610612749.0,Milwaukee,Bucks,MIL,5,202682,Derrick Williams,1610612758.0,Sacramento,Kings,SAC,1,0,,,,,
361,0021400792,412,3,11,4,9:50 PM,9:11,,,Williams Free Throw 1 of 2 (6 PTS),74 - 94,20,5.0,202682,Derrick Williams,1610612758.0,Sacramento,Kings,SAC,0,0,,,,,,0,0,,,,,
362,0021400792,414,8,0,4,9:51 PM,9:11,,,SUB: Sessions FOR McCallum,,,5.0,203492,Ray McCallum,1610612758.0,Sacramento,Kings,SAC,5,201196,Ramon Sessions,1610612758.0,Sacramento,Kings,SAC,0,0,,,,,
363,0021400792,415,8,0,4,9:51 PM,9:11,SUB: Middleton FOR Antetokounmpo,,,,,4.0,203507,Giannis Antetokounmpo,1610612749.0,Milwaukee,Bucks,MIL,4,203114,Khris Middleton,1610612749.0,Milwaukee,Bucks,MIL,0,0,,,,,
364,0021400792,416,3,12,4,9:51 PM,9:11,,,Williams Free Throw 2 of 2 (7 PTS),75 - 94,19,5.0,202682,Derrick Williams,1610612758.0,Sacramento,Kings,SAC,0,0,,,,,,0,0,,,,,
365,0021400792,418,2,1,4,9:51 PM,8:56,MISS Middleton 15' Jump Shot,,,,,4.0,203114,Khris Middleton,1610612749.0,Milwaukee,Bucks,MIL,0,0,,,,,,0,0,,,,,
366,0021400792,419,4,0,4,9:51 PM,8:55,,,Cousins REBOUND (Off:5 Def:9),,,5.0,202326,DeMarcus Cousins,1610612758.0,Sacramento,Kings,SAC,0,0,,,,,,0,0,,,,,
367,0021400792,420,2,1,4,9:51 PM,8:37,,,MISS Williams 15' Jump Shot,,,5.0,202682,Derrick Williams,1610612758.0,Sacramento,Kings,SAC,0,0,,,,,,0,0,,,,,
368,0021400792,421,4,0,4,9:51 PM,8:36,,,Thompson REBOUND (Off:5 Def:1),,,5.0,201574,Jason Thompson,1610612758.0,Sacramento,Kings,SAC,0,0,,,,,,0,0,,,,,
369,0021400792,422,6,2,4,9:52 PM,8:36,Mayo S.FOUL (P1.T3),,,,,4.0,201564,O.J. Mayo,1610612749.0,Milwaukee,Bucks,MIL,5,201574,Jason Thompson,1610612758.0,Sacramento,Kings,SAC,1,0,,,,,
370,0021400792,423,9,4,4,9:52 PM,8:36,,,,,,1.0,0,,,,,,0,0,,,,,,0,0,,,,,
371,0021400792,425,8,0,4,9:54 PM,8:36,,,SUB: Gay FOR Williams,,,5.0,202682,Derrick Williams,1610612758.0,Sacramento,Kings,SAC,5,200752,Rudy Gay,1610612758.0,Sacramento,Kings,SAC,0,0,,,,,
372,0021400792,426,3,11,4,9:54 PM,8:36,,,Thompson Free Throw 1 of 2 (7 PTS),76 - 94,18,5.0,201574,Jason Thompson,1610612758.0,Sacramento,Kings,SAC,0,0,,,,,,0,0,,,,,
373,0021400792,428,3,12,4,9:54 PM,8:36,,,MISS Thompson Free Throw 2 of 2,,,5.0,201574,Jason Thompson,1610612758.0,Sacramento,Kings,SAC,0,0,,,,,,0,0,,,,,
374,0021400792,430,4,0,4,9:54 PM,8:35,Gutierrez REBOUND (Off:0 Def:1),,,,,4.0,203268,Jorge Gutierrez,1610612749.0,Milwaukee,Bucks,MIL,0,0,,,,,,0,0,,,,,
375,0021400792,431,6,29,4,9:55 PM,8:20,,,Gay Shooting Block Foul (P3.T1),,,5.0,200752,Rudy Gay,1610612758.0,Sacramento,Kings,SAC,4,203948,Johnny O'Bryant,1610612749.0,Milwaukee,Bucks,MIL,1,0,,,,,
376,0021400792,432,3,11,4,9:55 PM,8:20,MISS O'Bryant Free Throw 1 of 2,,,,,4.0,203948,Johnny O'Bryant,1610612749.0,Milwaukee,Bucks,MIL,0,0,,,,,,0,0,,,,,
377,0021400792,433,4,1,4,9:55 PM,8:20,BUCKS Rebound,,,,,2.0,1610612749,,,,,,0,0,,,,,,0,0,,,,,
378,0021400792,434,3,12,4,9:55 PM,8:20,MISS O'Bryant Free Throw 2 of 2,,,,,4.0,203948,Johnny O'Bryant,1610612749.0,Milwaukee,Bucks,MIL,0,0,,,,,,0,0,,,,,
379,0021400792,436,4,0,4,9:55 PM,8:19,,,Thompson REBOUND (Off:5 Def:2),,,5.0,201574,Jason Thompson,1610612758.0,Sacramento,Kings,SAC,0,0,,,,,,0,0,,,,,
380,0021400792,437,1,3,4,9:56 PM,7:55,,,Cousins 2' Hook Shot (22 PTS) (Sessions 4 AST),78 - 94,16,5.0,202326,DeMarcus Cousins,1610612758.0,Sacramento,Kings,SAC,5,201196,Ramon Sessions,1610612758.0,Sacramento,Kings,SAC,0,0,,,,,
381,0021400792,438,2,5,4,9:56 PM,7:38,MISS O'Bryant 1' Layup,,Thompson BLOCK (1 BLK),,,4.0,203948,Johnny O'Bryant,1610612749.0,Milwaukee,Bucks,MIL,0,0,,,,,,5,201574,Jason Thompson,1610612758.0,Sacramento,Kings,SAC
382,0021400792,439,4,0,4,9:56 PM,7:35,,,Sessions REBOUND (Off:0 Def:2),,,5.0,201196,Ramon Sessions,1610612758.0,Sacramento,Kings,SAC,0,0,,,,,,0,0,,,,,
383,0021400792,440,1,5,4,9:56 PM,7:34,,,McLemore  Layup (8 PTS) (Sessions 5 AST),80 - 94,14,5.0,203463,Ben McLemore,1610612758.0,Sacramento,Kings,SAC,5,201196,Ramon Sessions,1610612758.0,Sacramento,Kings,SAC,0,0,,,,,
384,0021400792,441,2,1,4,9:56 PM,7:05,MISS Pachulia 18' Jump Shot,,,,,4.0,2585,Zaza Pachulia,1610612749.0,Milwaukee,Bucks,MIL,0,0,,,,,,0,0,,,,,
385,0021400792,442,4,0,4,9:56 PM,7:04,,,Cousins REBOUND (Off:5 Def:10),,,5.0,202326,DeMarcus Cousins,1610612758.0,Sacramento,Kings,SAC,0,0,,,,,,0,0,,,,,
386,0021400792,443,6,1,4,9:57 PM,7:02,Pachulia P.FOUL (P3.T4),,,,,4.0,2585,Zaza Pachulia,1610612749.0,Milwaukee,Bucks,MIL,5,201196,Ramon Sessions,1610612758.0,Sacramento,Kings,SAC,1,0,,,,,
387,0021400792,444,8,0,4,9:57 PM,7:02,SUB: Dudley FOR O'Bryant,,,,,4.0,203948,Johnny O'Bryant,1610612749.0,Milwaukee,Bucks,MIL,4,201162,Jared Dudley,1610612749.0,Milwaukee,Bucks,MIL,0,0,,,,,
388,0021400792,445,5,1,4,9:57 PM,6:41,,,Cousins Bad Pass Turnover (P6.T17),,,5.0,202326,DeMarcus Cousins,1610612758.0,Sacramento,Kings,SAC,0,0,,,,,,0,0,,,,,
389,0021400792,446,8,0,4,9:57 PM,6:41,SUB: Henson FOR Pachulia,,,,,4.0,2585,Zaza Pachulia,1610612749.0,Milwaukee,Bucks,MIL,4,203089,John Henson,1610612749.0,Milwaukee,Bucks,MIL,0,0,,,,,
390,0021400792,447,6,2,4,9:58 PM,6:21,,,McLemore S.FOUL (P5.T2),,,5.0,203463,Ben McLemore,1610612758.0,Sacramento,Kings,SAC,4,201564,O.J. Mayo,1610612749.0,Milwaukee,Bucks,MIL,1,0,,,,,
391,0021400792,448,3,13,4,9:58 PM,6:21,Mayo Free Throw 1 of 3 (15 PTS),,,80 - 95,15,4.0,201564,O.J. Mayo,1610612749.0,Milwaukee,Bucks,MIL,0,0,,,,,,0,0,,,,,
392,0021400792,451,3,14,4,9:58 PM,6:21,Mayo Free Throw 2 of 3 (16 PTS),,,80 - 96,16,4.0,201564,O.J. Mayo,1610612749.0,Milwaukee,Bucks,MIL,0,0,,,,,,0,0,,,,,
393,0021400792,453,3,15,4,9:59 PM,6:21,Mayo Free Throw 3 of 3 (17 PTS),,,80 - 97,17,4.0,201564,O.J. Mayo,1610612749.0,Milwaukee,Bucks,MIL,0,0,,,,,,0,0,,,,,
394,0021400792,455,2,1,4,9:59 PM,6:04,,,MISS McLemore  3PT Jump Shot,,,5.0,203463,Ben McLemore,1610612758.0,Sacramento,Kings,SAC,0,0,,,,,,0,0,,,,,
395,0021400792,457,4,0,4,9:59 PM,5:57,Gutierrez REBOUND (Off:0 Def:2),,,,,4.0,203268,Jorge Gutierrez,1610612749.0,Milwaukee,Bucks,MIL,0,0,,,,,,0,0,,,,,
396,0021400792,456,9,1,4,9:59 PM,5:57,BUCKS Timeout: Regular (Full 4 Short 0),,,,,2.0,1610612749,,,,,,0,0,,,,,,0,0,,,,,
397,0021400792,459,8,0,4,10:01 PM,5:57,,,SUB: Williams FOR Thompson,,,5.0,201574,Jason Thompson,1610612758.0,Sacramento,Kings,SAC,5,202682,Derrick Williams,1610612758.0,Sacramento,Kings,SAC,0,0,,,,,
398,0021400792,460,2,1,4,10:02 PM,5:48,MISS Middleton 18' Jump Shot,,,,,4.0,203114,Khris Middleton,1610612749.0,Milwaukee,Bucks,MIL,0,0,,,,,,0,0,,,,,
399,0021400792,461,4,0,4,10:02 PM,5:46,,,Cousins REBOUND (Off:5 Def:11),,,5.0,202326,DeMarcus Cousins,1610612758.0,Sacramento,Kings,SAC,0,0,,,,,,0,0,,,,,
400,0021400792,462,2,5,4,10:02 PM,5:28,,,MISS Cousins 1' Layup,,,5.0,202326,DeMarcus Cousins,1610612758.0,Sacramento,Kings,SAC,0,0,,,,,,0,0,,,,,
401,0021400792,463,4,0,4,10:02 PM,5:27,Henson REBOUND (Off:2 Def:2),,,,,4.0,203089,John Henson,1610612749.0,Milwaukee,Bucks,MIL,0,0,,,,,,0,0,,,,,
402,0021400792,464,5,2,4,10:02 PM,5:13,Henson Lost Ball Turnover (P1.T13),,Williams STEAL (1 STL),,,4.0,203089,John Henson,1610612749.0,Milwaukee,Bucks,MIL,5,202682,Derrick Williams,1610612758.0,Sacramento,Kings,SAC,0,0,,,,,
403,0021400792,465,6,1,4,10:03 PM,5:12,Gutierrez P.FOUL (P2.PN),,,,,4.0,203268,Jorge Gutierrez,1610612749.0,Milwaukee,Bucks,MIL,5,202682,Derrick Williams,1610612758.0,Sacramento,Kings,SAC,1,0,,,,,
404,0021400792,466,3,11,4,10:03 PM,5:12,,,Williams Free Throw 1 of 2 (8 PTS),81 - 97,16,5.0,202682,Derrick Williams,1610612758.0,Sacramento,Kings,SAC,0,0,,,,,,0,0,,,,,
405,0021400792,468,3,12,4,10:03 PM,5:12,,,Williams Free Throw 2 of 2 (9 PTS),82 - 97,15,5.0,202682,Derrick Williams,1610612758.0,Sacramento,Kings,SAC,0,0,,,,,,0,0,,,,,
406,0021400792,470,2,3,4,10:04 PM,4:52,MISS Henson 3' Hook Shot,,,,,4.0,203089,John Henson,1610612749.0,Milwaukee,Bucks,MIL,0,0,,,,,,0,0,,,,,
407,0021400792,472,4,0,4,10:04 PM,4:50,Middleton REBOUND (Off:3 Def:6),,,,,4.0,203114,Khris Middleton,1610612749.0,Milwaukee,Bucks,MIL,0,0,,,,,,0,0,,,,,
408,0021400792,471,2,4,4,10:04 PM,4:50,MISS Middleton 1' Tip Shot,,,,,4.0,203114,Khris Middleton,1610612749.0,Milwaukee,Bucks,MIL,0,0,,,,,,0,0,,,,,
409,0021400792,473,4,0,4,10:04 PM,4:49,,,Gay REBOUND (Off:2 Def:5),,,5.0,200752,Rudy Gay,1610612758.0,Sacramento,Kings,SAC,0,0,,,,,,0,0,,,,,
410,0021400792,474,1,5,4,10:04 PM,4:40,,,Cousins 1' Layup (24 PTS) (Gay 3 AST),84 - 97,13,5.0,202326,DeMarcus Cousins,1610612758.0,Sacramento,Kings,SAC,5,200752,Rudy Gay,1610612758.0,Sacramento,Kings,SAC,0,0,,,,,
411,0021400792,475,1,1,4,10:04 PM,4:27,Gutierrez 14' Jump Shot (4 PTS),,,84 - 99,15,4.0,203268,Jorge Gutierrez,1610612749.0,Milwaukee,Bucks,MIL,0,0,,,,,,0,0,,,,,
412,0021400792,476,6,2,4,10:04 PM,4:27,,,Sessions S.FOUL (P3.T3),,,5.0,201196,Ramon Sessions,1610612758.0,Sacramento,Kings,SAC,4,203268,Jorge Gutierrez,1610612749.0,Milwaukee,Bucks,MIL,1,0,,,,,
413,0021400792,477,3,10,4,10:04 PM,4:27,Gutierrez Free Throw 1 of 1 (5 PTS),,,84 - 100,16,4.0,203268,Jorge Gutierrez,1610612749.0,Milwaukee,Bucks,MIL,0,0,,,,,,0,0,,,,,
414,0021400792,479,2,1,4,10:05 PM,4:04,Henson BLOCK (5 BLK),,MISS Sessions 5' Jump Shot,,,5.0,201196,Ramon Sessions,1610612758.0,Sacramento,Kings,SAC,0,0,,,,,,4,203089,John Henson,1610612749.0,Milwaukee,Bucks,MIL
415,0021400792,480,4,0,4,10:05 PM,4:02,Middleton REBOUND (Off:3 Def:7),,,,,4.0,203114,Khris Middleton,1610612749.0,Milwaukee,Bucks,MIL,0,0,,,,,,0,0,,,,,
416,0021400792,481,6,1,4,10:05 PM,3:42,,,Williams P.FOUL (P2.T4),,,5.0,202682,Derrick Williams,1610612758.0,Sacramento,Kings,SAC,4,201162,Jared Dudley,1610612749.0,Milwaukee,Bucks,MIL,1,0,,,,,
417,0021400792,482,8,0,4,10:05 PM,3:42,SUB: Knight FOR Gutierrez,,,,,4.0,203268,Jorge Gutierrez,1610612749.0,Milwaukee,Bucks,MIL,4,202688,Brandon Knight,1610612749.0,Milwaukee,Bucks,MIL,0,0,,,,,
418,0021400792,483,5,1,4,10:06 PM,3:34,Dudley Bad Pass Turnover (P2.T14),,McLemore STEAL (3 STL),,,4.0,201162,Jared Dudley,1610612749.0,Milwaukee,Bucks,MIL,5,203463,Ben McLemore,1610612758.0,Sacramento,Kings,SAC,0,0,,,,,
419,0021400792,484,6,2,4,10:06 PM,3:32,Middleton S.FOUL (P1.PN),,,,,4.0,203114,Khris Middleton,1610612749.0,Milwaukee,Bucks,MIL,5,203463,Ben McLemore,1610612758.0,Sacramento,Kings,SAC,1,0,,,,,
420,0021400792,485,3,11,4,10:06 PM,3:32,,,McLemore Free Throw 1 of 2 (9 PTS),85 - 100,15,5.0,203463,Ben McLemore,1610612758.0,Sacramento,Kings,SAC,0,0,,,,,,0,0,,,,,
421,0021400792,487,3,12,4,10:07 PM,3:32,,,McLemore Free Throw 2 of 2 (10 PTS),86 - 100,14,5.0,203463,Ben McLemore,1610612758.0,Sacramento,Kings,SAC,0,0,,,,,,0,0,,,,,
422,0021400792,490,2,1,4,10:07 PM,3:12,MISS Knight 19' Jump Shot,,,,,4.0,202688,Brandon Knight,1610612749.0,Milwaukee,Bucks,MIL,0,0,,,,,,0,0,,,,,
423,0021400792,491,4,0,4,10:07 PM,3:11,,,Cousins REBOUND (Off:5 Def:12),,,5.0,202326,DeMarcus Cousins,1610612758.0,Sacramento,Kings,SAC,0,0,,,,,,0,0,,,,,
424,0021400792,492,1,5,4,10:07 PM,3:07,,,Williams 1' Layup (11 PTS) (Cousins 5 AST),88 - 100,12,5.0,202682,Derrick Williams,1610612758.0,Sacramento,Kings,SAC,5,202326,DeMarcus Cousins,1610612758.0,Sacramento,Kings,SAC,0,0,,,,,
425,0021400792,493,6,4,4,10:07 PM,2:55,Henson OFF.Foul (P5),,,,,4.0,203089,John Henson,1610612749.0,Milwaukee,Bucks,MIL,5,203463,Ben McLemore,1610612758.0,Sacramento,Kings,SAC,1,0,,,,,
426,0021400792,494,5,5,4,10:07 PM,2:55,Henson Foul Turnover (P2.T15),,,,,4.0,203089,John Henson,1610612749.0,Milwaukee,Bucks,MIL,0,0,,,,,,1,0,,,,,
427,0021400792,495,9,1,4,10:07 PM,2:55,,,Kings Timeout: Regular (Reg.4 Short 1),,,3.0,1610612758,,,,,,0,0,,,,,,0,0,,,,,
428,0021400792,497,8,0,4,10:10 PM,2:55,SUB: Pachulia FOR Henson,,,,,4.0,203089,John Henson,1610612749.0,Milwaukee,Bucks,MIL,4,2585,Zaza Pachulia,1610612749.0,Milwaukee,Bucks,MIL,0,0,,,,,
429,0021400792,498,8,0,4,10:10 PM,2:55,SUB: Antetokounmpo FOR Middleton,,,,,4.0,203114,Khris Middleton,1610612749.0,Milwaukee,Bucks,MIL,4,203507,Giannis Antetokounmpo,1610612749.0,Milwaukee,Bucks,MIL,0,0,,,,,
430,0021400792,499,7,1,4,10:10 PM,2:55,BUCKS Violation: Delay of game Violation,,,,,2.0,1610612749,,,,,,0,0,,,,,,1,0,,,,,
431,0021400792,500,5,1,4,10:10 PM,2:42,Pachulia STEAL (2 STL),,Gay Bad Pass Turnover (P4.T18),,,5.0,200752,Rudy Gay,1610612758.0,Sacramento,Kings,SAC,4,2585,Zaza Pachulia,1610612749.0,Milwaukee,Bucks,MIL,0,0,,,,,
432,0021400792,501,2,1,4,10:11 PM,2:19,MISS Pachulia 14' Jump Shot,,,,,4.0,2585,Zaza Pachulia,1610612749.0,Milwaukee,Bucks,MIL,0,0,,,,,,0,0,,,,,
433,0021400792,502,4,0,4,10:11 PM,2:17,,,McLemore REBOUND (Off:0 Def:2),,,5.0,203463,Ben McLemore,1610612758.0,Sacramento,Kings,SAC,0,0,,,,,,0,0,,,,,
434,0021400792,503,1,1,4,10:11 PM,2:06,,,McLemore 24' 3PT Jump Shot (13 PTS) (Sessions 6 AST),91 - 100,9,5.0,203463,Ben McLemore,1610612758.0,Sacramento,Kings,SAC,5,201196,Ramon Sessions,1610612758.0,Sacramento,Kings,SAC,0,0,,,,,
435,0021400792,504,1,1,4,10:11 PM,1:52,Mayo 17' Jump Shot (19 PTS) (Knight 5 AST),,,91 - 102,11,4.0,201564,O.J. Mayo,1610612749.0,Milwaukee,Bucks,MIL,4,202688,Brandon Knight,1610612749.0,Milwaukee,Bucks,MIL,0,0,,,,,
436,0021400792,505,6,2,4,10:11 PM,1:40,Knight S.FOUL (P1.PN),,,,,4.0,202688,Brandon Knight,1610612749.0,Milwaukee,Bucks,MIL,5,201196,Ramon Sessions,1610612758.0,Sacramento,Kings,SAC,1,0,,,,,
437,0021400792,506,3,11,4,10:12 PM,1:40,,,Sessions Free Throw 1 of 2 (1 PTS),92 - 102,10,5.0,201196,Ramon Sessions,1610612758.0,Sacramento,Kings,SAC,0,0,,,,,,0,0,,,,,
438,0021400792,508,3,12,4,10:12 PM,1:40,,,Sessions Free Throw 2 of 2 (2 PTS),93 - 102,9,5.0,201196,Ramon Sessions,1610612758.0,Sacramento,Kings,SAC,0,0,,,,,,0,0,,,,,
439,0021400792,510,6,1,4,10:12 PM,1:26,,,Gay P.FOUL (P4.PN),,,5.0,200752,Rudy Gay,1610612758.0,Sacramento,Kings,SAC,4,203507,Giannis Antetokounmpo,1610612749.0,Milwaukee,Bucks,MIL,1,0,,,,,
440,0021400792,511,3,11,4,10:13 PM,1:26,Antetokounmpo Free Throw 1 of 2 (10 PTS),,,93 - 103,10,4.0,203507,Giannis Antetokounmpo,1610612749.0,Milwaukee,Bucks,MIL,0,0,,,,,,0,0,,,,,
441,0021400792,513,3,12,4,10:13 PM,1:26,MISS Antetokounmpo Free Throw 2 of 2,,,,,4.0,203507,Giannis Antetokounmpo,1610612749.0,Milwaukee,Bucks,MIL,0,0,,,,,,0,0,,,,,
442,0021400792,515,4,0,4,10:13 PM,1:25,,,Gay REBOUND (Off:2 Def:6),,,5.0,200752,Rudy Gay,1610612758.0,Sacramento,Kings,SAC,0,0,,,,,,0,0,,,,,
443,0021400792,516,1,5,4,10:13 PM,1:11,,,Gay  Layup (16 PTS),95 - 103,8,5.0,200752,Rudy Gay,1610612758.0,Sacramento,Kings,SAC,0,0,,,,,,0,0,,,,,
444,0021400792,517,1,1,4,10:14 PM,0:50,Knight 27' 3PT Jump Shot (20 PTS),,,95 - 106,11,4.0,202688,Brandon Knight,1610612749.0,Milwaukee,Bucks,MIL,0,0,,,,,,0,0,,,,,
445,0021400792,518,6,2,4,10:14 PM,0:42,Knight S.FOUL (P2.PN),,,,,4.0,202688,Brandon Knight,1610612749.0,Milwaukee,Bucks,MIL,5,200752,Rudy Gay,1610612758.0,Sacramento,Kings,SAC,1,0,,,,,
446,0021400792,519,3,11,4,10:14 PM,0:42,,,Gay Free Throw 1 of 2 (17 PTS),96 - 106,10,5.0,200752,Rudy Gay,1610612758.0,Sacramento,Kings,SAC,0,0,,,,,,0,0,,,,,
447,0021400792,521,3,12,4,10:14 PM,0:42,,,MISS Gay Free Throw 2 of 2,,,5.0,200752,Rudy Gay,1610612758.0,Sacramento,Kings,SAC,0,0,,,,,,0,0,,,,,
448,0021400792,523,4,0,4,10:15 PM,0:41,,,Cousins REBOUND (Off:6 Def:12),,,5.0,202326,DeMarcus Cousins,1610612758.0,Sacramento,Kings,SAC,0,0,,,,,,0,0,,,,,
449,0021400792,524,6,2,4,10:15 PM,0:41,Pachulia S.FOUL (P4.PN),,,,,4.0,2585,Zaza Pachulia,1610612749.0,Milwaukee,Bucks,MIL,5,202326,DeMarcus Cousins,1610612758.0,Sacramento,Kings,SAC,1,0,,,,,
450,0021400792,525,3,11,4,10:15 PM,0:41,,,Cousins Free Throw 1 of 2 (25 PTS),97 - 106,9,5.0,202326,DeMarcus Cousins,1610612758.0,Sacramento,Kings,SAC,0,0,,,,,,0,0,,,,,
451,0021400792,527,3,12,4,10:15 PM,0:41,,,Cousins Free Throw 2 of 2 (26 PTS),98 - 106,8,5.0,202326,DeMarcus Cousins,1610612758.0,Sacramento,Kings,SAC,0,0,,,,,,0,0,,,,,
452,0021400792,529,6,28,4,10:16 PM,0:34,,,Williams Personal Take Foul (P3.PN),,,5.0,202682,Derrick Williams,1610612758.0,Sacramento,Kings,SAC,4,201564,O.J. Mayo,1610612749.0,Milwaukee,Bucks,MIL,1,0,,,,,
453,0021400792,530,3,11,4,10:16 PM,0:34,Mayo Free Throw 1 of 2 (20 PTS),,,98 - 107,9,4.0,201564,O.J. Mayo,1610612749.0,Milwaukee,Bucks,MIL,0,0,,,,,,0,0,,,,,
454,0021400792,532,3,12,4,10:16 PM,0:34,Mayo Free Throw 2 of 2 (21 PTS),,,98 - 108,10,4.0,201564,O.J. Mayo,1610612749.0,Milwaukee,Bucks,MIL,0,0,,,,,,0,0,,,,,
455,0021400792,534,9,2,4,10:16 PM,0:34,,,Kings Timeout: Short (Reg.4 Short 2),,,3.0,1610612758,,,,,,0,0,,,,,,0,0,,,,,
456,0021400792,537,18,1,4,10:18 PM,0:32,,,,,,,0,,,,,,0,0,,,,,,1,0,,,,,
457,0021400792,539,1,1,4,10:20 PM,0:28,,,Cousins 8' Jump Shot (28 PTS) (Williams 2 AST),100 - 108,8,5.0,202326,DeMarcus Cousins,1610612758.0,Sacramento,Kings,SAC,5,202682,Derrick Williams,1610612758.0,Sacramento,Kings,SAC,0,0,,,,,
458,0021400792,540,6,28,4,10:20 PM,0:20,,,Williams Personal Take Foul (P4.PN),,,5.0,202682,Derrick Williams,1610612758.0,Sacramento,Kings,SAC,4,203507,Giannis Antetokounmpo,1610612749.0,Milwaukee,Bucks,MIL,1,0,,,,,
459,0021400792,541,3,11,4,10:21 PM,0:20,Antetokounmpo Free Throw 1 of 2 (11 PTS),,,100 - 109,9,4.0,203507,Giannis Antetokounmpo,1610612749.0,Milwaukee,Bucks,MIL,0,0,,,,,,0,0,,,,,
460,0021400792,543,3,12,4,10:21 PM,0:20,MISS Antetokounmpo Free Throw 2 of 2,,,,,4.0,203507,Giannis Antetokounmpo,1610612749.0,Milwaukee,Bucks,MIL,0,0,,,,,,0,0,,,,,
461,0021400792,545,4,0,4,10:21 PM,0:20,,,Cousins REBOUND (Off:6 Def:13),,,5.0,202326,DeMarcus Cousins,1610612758.0,Sacramento,Kings,SAC,0,0,,,,,,0,0,,,,,
462,0021400792,546,9,2,4,10:21 PM,0:20,,,Kings Timeout: Short (Reg.4 Short 3),,,3.0,1610612758,,,,,,0,0,,,,,,0,0,,,,,
463,0021400792,547,1,1,4,10:22 PM,0:16,,,McLemore 27' 3PT Jump Shot (16 PTS) (Williams 3 AST),103 - 109,6,5.0,203463,Ben McLemore,1610612758.0,Sacramento,Kings,SAC,5,202682,Derrick Williams,1610612758.0,Sacramento,Kings,SAC,0,0,,,,,
464,0021400792,548,6,28,4,10:23 PM,0:15,,,Sessions Personal Take Foul (P4.PN),,,5.0,201196,Ramon Sessions,1610612758.0,Sacramento,Kings,SAC,4,203507,Giannis Antetokounmpo,1610612749.0,Milwaukee,Bucks,MIL,1,0,,,,,
465,0021400792,549,3,11,4,10:23 PM,0:15,Antetokounmpo Free Throw 1 of 2 (12 PTS),,,103 - 110,7,4.0,203507,Giannis Antetokounmpo,1610612749.0,Milwaukee,Bucks,MIL,0,0,,,,,,0,0,,,,,
466,0021400792,551,3,12,4,10:23 PM,0:15,Antetokounmpo Free Throw 2 of 2 (13 PTS),,,103 - 111,8,4.0,203507,Giannis Antetokounmpo,1610612749.0,Milwaukee,Bucks,MIL,0,0,,,,,,0,0,,,,,
467,0021400792,553,2,1,4,10:24 PM,0:07,,,MISS Gay 27' 3PT Jump Shot,,,5.0,200752,Rudy Gay,1610612758.0,Sacramento,Kings,SAC,0,0,,,,,,0,0,,,,,
468,0021400792,554,4,0,4,10:24 PM,0:02,Knight REBOUND (Off:2 Def:4),,,,,4.0,202688,Brandon Knight,1610612749.0,Milwaukee,Bucks,MIL,0,0,,,,,,0,0,,,,,
469,0021400792,555,13,0,4,10:24 PM,0:00,,,,103 - 111,8,0.0,0,,,,,,0,0,,,,,,0,0,,,,,
