,GAME_ID,EVENTNUM,EVENTMSGTYPE,EVENTMSGACTIONTYPE,PERIOD,WCTIMESTRING,PCTIMESTRING,HOMEDESCRIPTION,NEUTRALDESCRIPTION,VISITORDESCRIPTION,SCORE,SCOREMARGIN,PERSON1TYPE,PLAYER1_ID,PLAYER1_NAME,PLAYER1_TEAM_ID,PLAYER1_TEAM_CITY,PLAYER1_TEAM_NICKNAME,PLAYER1_TEAM_ABBREVIATION,PERSON2TYPE,PLAYER2_ID,PLAYER2_NAME,PLAYER2_TEAM_ID,PLAYER2_TEAM_CITY,PLAYER2_TEAM_NICKNAME,PLAYER2_TEAM_ABBREVIATION,PERSON3TYPE,PLAYER3_ID,PLAYER3_NAME,PLAYER3_TEAM_ID,PLAYER3_TEAM_CITY,PLAYER3_TEAM_NICKNAME,PLAYER3_TEAM_ABBREVIATION
0,0041400171,0,12,0,1,8:11 PM,12:00,,,,,,0,0,,,,,,0,0,,,,,,0,0,,,,,
1,0041400171,1,10,0,1,8:11 PM,12:00,Jump Ball Gasol vs. Lopez: Tip to Lillard,,,,,4,201188,Marc Gasol,1610612763.0,Memphis,Grizzlies,MEM,5,201577,Robin Lopez,1610612757.0,Portland,Trail Blazers,POR,5,203081,Damian Lillard,1610612757.0,Portland,Trail Blazers,POR
2,0041400171,2,2,1,1,8:11 PM,11:44,,,MISS McCollum 26' 3PT Jump Shot,,,5,203468,CJ McCollum,1610612757.0,Portland,Trail Blazers,POR,0,0,,,,,,0,0,,,,,
3,0041400171,3,4,0,1,8:11 PM,11:43,Randolph REBOUND (Off:0 Def:1),,,,,4,2216,Zach Randolph,1610612763.0,Memphis,Grizzlies,MEM,0,0,,,,,,0,0,,,,,
4,0041400171,4,5,1,1,8:11 PM,11:30,Conley Bad Pass Turnover (P1.T1),,,,,4,201144,Mike Conley,1610612763.0,Memphis,Grizzlies,MEM,0,0,,,,,,0,0,,,,,
5,0041400171,5,5,40,1,8:12 PM,11:17,,,Batum Out of Bounds Lost Ball Turnover (P1.T1),,,5,201587,Nicolas Batum,1610612757.0,Portland,Trail Blazers,POR,0,0,,,,,,0,0,,,,,
6,0041400171,6,1,5,1,8:12 PM,10:59,Randolph 1' Layup (2 PTS),,,0 - 2,2,4,2216,Zach Randolph,1610612763.0,Memphis,Grizzlies,MEM,0,0,,,,,,0,0,,,,,
7,0041400171,7,2,1,1,8:12 PM,10:45,,,MISS Lillard 28' 3PT Jump Shot,,,5,203081,Damian Lillard,1610612757.0,Portland,Trail Blazers,POR,0,0,,,,,,0,0,,,,,
8,0041400171,8,4,0,1,8:12 PM,10:44,Randolph REBOUND (Off:0 Def:2),,,,,4,2216,Zach Randolph,1610612763.0,Memphis,Grizzlies,MEM,0,0,,,,,,0,0,,,,,
9,0041400171,9,1,73,1,8:13 PM,10:30,Gasol 1' Driving Reverse Layup (2 PTS),,,0 - 4,4,4,201188,Marc Gasol,1610612763.0,Memphis,Grizzlies,MEM,0,0,,,,,,0,0,,,,,
10,0041400171,10,2,80,1,8:13 PM,10:08,,,MISS Aldridge 14' Step Back Jump Shot,,,5,200746,LaMarcus Aldridge,1610612757.0,Portland,Trail Blazers,POR,0,0,,,,,,0,0,,,,,
11,0041400171,12,4,0,1,8:13 PM,10:06,,,Lopez REBOUND (Off:1 Def:0),,,5,201577,Robin Lopez,1610612757.0,Portland,Trail Blazers,POR,0,0,,,,,,0,0,,,,,
12,0041400171,11,2,4,1,8:13 PM,10:06,,,MISS Lopez 1' Tip Shot,,,5,201577,Robin Lopez,1610612757.0,Portland,Trail Blazers,POR,0,0,,,,,,0,0,,,,,
13,0041400171,13,4,0,1,8:13 PM,10:03,Green REBOUND (Off:0 Def:1),,,,,4,201145,Jeff Green,1610612763.0,Memphis,Grizzlies,MEM,0,0,,,,,,0,0,,,,,
14,0041400171,14,2,1,1,8:13 PM,9:54,MISS Randolph 16' Jump Shot,,,,,4,2216,Zach Randolph,1610612763.0,Memphis,Grizzlies,MEM,0,0,,,,,,0,0,,,,,
15,0041400171,15,4,0,1,8:13 PM,9:53,,,Batum REBOUND (Off:0 Def:1),,,5,201587,Nicolas Batum,1610612757.0,Portland,Trail Blazers,POR,0,0,,,,,,0,0,,,,,
16,0041400171,16,2,1,1,8:13 PM,9:44,,,MISS Aldridge 19' Jump Shot,,,5,200746,LaMarcus Aldridge,1610612757.0,Portland,Trail Blazers,POR,0,0,,,,,,0,0,,,,,
17,0041400171,17,4,0,1,8:13 PM,9:43,Gasol REBOUND (Off:0 Def:1),,,,,4,201188,Marc Gasol,1610612763.0,Memphis,Grizzlies,MEM,0,0,,,,,,0,0,,,,,
18,0041400171,18,2,1,1,8:14 PM,9:33,MISS Randolph 5' Jump Shot,,Aldridge BLOCK (1 BLK),,,4,2216,Zach Randolph,1610612763.0,Memphis,Grizzlies,MEM,0,0,,,,,,5,200746,LaMarcus Aldridge,1610612757.0,Portland,Trail Blazers,POR
19,0041400171,19,4,0,1,8:14 PM,9:31,,,Lillard REBOUND (Off:0 Def:1),,,5,203081,Damian Lillard,1610612757.0,Portland,Trail Blazers,POR,0,0,,,,,,0,0,,,,,
20,0041400171,20,2,1,1,8:14 PM,9:25,,,MISS Batum 17' Jump Shot,,,5,201587,Nicolas Batum,1610612757.0,Portland,Trail Blazers,POR,0,0,,,,,,0,0,,,,,
21,0041400171,21,4,0,1,8:14 PM,9:24,Randolph REBOUND (Off:0 Def:3),,,,,4,2216,Zach Randolph,1610612763.0,Memphis,Grizzlies,MEM,0,0,,,,,,0,0,,,,,
22,0041400171,22,1,1,1,8:14 PM,9:14,Gasol 21' Jump Shot (4 PTS) (Conley 1 AST),,,0 - 6,6,4,201188,Marc Gasol,1610612763.0,Memphis,Grizzlies,MEM,4,201144,Mike Conley,1610612763.0,Memphis,Grizzlies,MEM,0,0,,,,,
23,0041400171,23,1,5,1,8:14 PM,8:53,,,Aldridge 1' Layup (2 PTS) (Lillard 1 AST),2 - 6,4,5,200746,LaMarcus Aldridge,1610612757.0,Portland,Trail Blazers,POR,5,203081,Damian Lillard,1610612757.0,Portland,Trail Blazers,POR,0,0,,,,,
24,0041400171,24,6,2,1,8:15 PM,8:31,,,McCollum S.FOUL (P1.T1) (E.Lewis),,,5,203468,CJ McCollum,1610612757.0,Portland,Trail Blazers,POR,4,201188,Marc Gasol,1610612763.0,Memphis,Grizzlies,MEM,1,0,,,,,
25,0041400171,27,3,11,1,8:16 PM,8:31,MISS Gasol Free Throw 1 of 2,,,,,4,201188,Marc Gasol,1610612763.0,Memphis,Grizzlies,MEM,0,0,,,,,,0,0,,,,,
26,0041400171,28,4,1,1,8:16 PM,8:31,GRIZZLIES Rebound,,,,,2,1610612763,,,,,,0,0,,,,,,0,0,,,,,
27,0041400171,29,3,12,1,8:16 PM,8:31,Gasol Free Throw 2 of 2 (5 PTS),,,2 - 7,5,4,201188,Marc Gasol,1610612763.0,Memphis,Grizzlies,MEM,0,0,,,,,,0,0,,,,,
28,0041400171,31,2,80,1,8:17 PM,8:08,,,MISS Aldridge 25' 3PT Step Back Jump Shot,,,5,200746,LaMarcus Aldridge,1610612757.0,Portland,Trail Blazers,POR,0,0,,,,,,0,0,,,,,
29,0041400171,32,4,0,1,8:17 PM,8:07,Lee REBOUND (Off:0 Def:1),,,,,4,201584,Courtney Lee,1610612763.0,Memphis,Grizzlies,MEM,0,0,,,,,,0,0,,,,,
30,0041400171,34,1,1,1,8:17 PM,7:48,Lee 24' 3PT Jump Shot (3 PTS) (Green 1 AST),,,2 - 10,8,4,201584,Courtney Lee,1610612763.0,Memphis,Grizzlies,MEM,4,201145,Jeff Green,1610612763.0,Memphis,Grizzlies,MEM,0,0,,,,,
31,0041400171,35,2,1,1,8:17 PM,7:34,,,MISS Lillard 27' 3PT Jump Shot,,,5,203081,Damian Lillard,1610612757.0,Portland,Trail Blazers,POR,0,0,,,,,,0,0,,,,,
32,0041400171,36,4,0,1,8:17 PM,7:33,Gasol REBOUND (Off:0 Def:2),,,,,4,201188,Marc Gasol,1610612763.0,Memphis,Grizzlies,MEM,0,0,,,,,,0,0,,,,,
33,0041400171,37,2,41,1,8:18 PM,7:26,MISS Conley  Running Layup,,,,,4,201144,Mike Conley,1610612763.0,Memphis,Grizzlies,MEM,0,0,,,,,,0,0,,,,,
34,0041400171,38,4,0,1,8:18 PM,7:23,,,Lopez REBOUND (Off:1 Def:1),,,5,201577,Robin Lopez,1610612757.0,Portland,Trail Blazers,POR,0,0,,,,,,0,0,,,,,
35,0041400171,39,2,5,1,8:18 PM,7:17,,,MISS Aldridge 1' Layup,,,5,200746,LaMarcus Aldridge,1610612757.0,Portland,Trail Blazers,POR,0,0,,,,,,0,0,,,,,
36,0041400171,41,4,0,1,8:18 PM,7:15,,,Aldridge REBOUND (Off:1 Def:0),,,5,200746,LaMarcus Aldridge,1610612757.0,Portland,Trail Blazers,POR,0,0,,,,,,0,0,,,,,
37,0041400171,40,1,5,1,8:18 PM,7:15,,,Aldridge  Layup (4 PTS),4 - 10,6,5,200746,LaMarcus Aldridge,1610612757.0,Portland,Trail Blazers,POR,0,0,,,,,,0,0,,,,,
38,0041400171,42,2,79,1,8:18 PM,6:55,MISS Green 20' Pullup Jump Shot,,,,,4,201145,Jeff Green,1610612763.0,Memphis,Grizzlies,MEM,0,0,,,,,,0,0,,,,,
39,0041400171,43,4,0,1,8:18 PM,6:53,Randolph REBOUND (Off:1 Def:3),,,,,4,2216,Zach Randolph,1610612763.0,Memphis,Grizzlies,MEM,0,0,,,,,,0,0,,,,,
40,0041400171,44,2,1,1,8:18 PM,6:47,MISS Conley 25' 3PT Jump Shot,,,,,4,201144,Mike Conley,1610612763.0,Memphis,Grizzlies,MEM,0,0,,,,,,0,0,,,,,
41,0041400171,45,4,0,1,8:18 PM,6:46,,,McCollum REBOUND (Off:0 Def:1),,,5,203468,CJ McCollum,1610612757.0,Portland,Trail Blazers,POR,0,0,,,,,,0,0,,,,,
42,0041400171,46,1,79,1,8:18 PM,6:36,,,McCollum 16' Pullup Jump Shot (2 PTS),6 - 10,4,5,203468,CJ McCollum,1610612757.0,Portland,Trail Blazers,POR,0,0,,,,,,0,0,,,,,
43,0041400171,47,2,1,1,8:19 PM,6:12,MISS Randolph 4' Jump Shot,,Aldridge BLOCK (2 BLK),,,4,2216,Zach Randolph,1610612763.0,Memphis,Grizzlies,MEM,0,0,,,,,,5,200746,LaMarcus Aldridge,1610612757.0,Portland,Trail Blazers,POR
44,0041400171,48,4,0,1,8:19 PM,6:09,Randolph REBOUND (Off:2 Def:3),,,,,4,2216,Zach Randolph,1610612763.0,Memphis,Grizzlies,MEM,0,0,,,,,,0,0,,,,,
45,0041400171,49,2,1,1,8:19 PM,6:05,MISS Gasol 21' Jump Shot,,,,,4,201188,Marc Gasol,1610612763.0,Memphis,Grizzlies,MEM,0,0,,,,,,0,0,,,,,
46,0041400171,50,4,0,1,8:19 PM,6:04,,,Batum REBOUND (Off:0 Def:2),,,5,201587,Nicolas Batum,1610612757.0,Portland,Trail Blazers,POR,0,0,,,,,,0,0,,,,,
47,0041400171,51,2,1,1,8:19 PM,5:52,,,MISS Aldridge 18' Jump Shot,,,5,200746,LaMarcus Aldridge,1610612757.0,Portland,Trail Blazers,POR,0,0,,,,,,0,0,,,,,
48,0041400171,52,4,0,1,8:19 PM,5:49,,,Lopez REBOUND (Off:2 Def:1),,,5,201577,Robin Lopez,1610612757.0,Portland,Trail Blazers,POR,0,0,,,,,,0,0,,,,,
49,0041400171,53,1,7,1,8:19 PM,5:45,,,Aldridge  Dunk (6 PTS) (Lopez 1 AST),8 - 10,2,5,200746,LaMarcus Aldridge,1610612757.0,Portland,Trail Blazers,POR,5,201577,Robin Lopez,1610612757.0,Portland,Trail Blazers,POR,0,0,,,,,
50,0041400171,54,2,5,1,8:20 PM,5:24,MISS Lee  Layup,,,,,4,201584,Courtney Lee,1610612763.0,Memphis,Grizzlies,MEM,0,0,,,,,,0,0,,,,,
51,0041400171,55,4,0,1,8:20 PM,5:23,,,McCollum REBOUND (Off:0 Def:2),,,5,203468,CJ McCollum,1610612757.0,Portland,Trail Blazers,POR,0,0,,,,,,0,0,,,,,
52,0041400171,56,2,1,1,8:20 PM,5:15,,,MISS Lillard  3PT Jump Shot,,,5,203081,Damian Lillard,1610612757.0,Portland,Trail Blazers,POR,0,0,,,,,,0,0,,,,,
53,0041400171,57,4,0,1,8:20 PM,5:14,,,Batum REBOUND (Off:1 Def:2),,,5,201587,Nicolas Batum,1610612757.0,Portland,Trail Blazers,POR,0,0,,,,,,0,0,,,,,
54,0041400171,58,2,46,1,8:20 PM,5:05,,,MISS Batum 11' Running Jump Shot,,,5,201587,Nicolas Batum,1610612757.0,Portland,Trail Blazers,POR,0,0,,,,,,0,0,,,,,
55,0041400171,59,4,0,1,8:20 PM,5:04,Gasol REBOUND (Off:0 Def:3),,,,,4,201188,Marc Gasol,1610612763.0,Memphis,Grizzlies,MEM,0,0,,,,,,0,0,,,,,
56,0041400171,60,1,42,1,8:20 PM,4:57,Conley 1' Driving Layup (2 PTS),,,8 - 12,4,4,201144,Mike Conley,1610612763.0,Memphis,Grizzlies,MEM,0,0,,,,,,0,0,,,,,
57,0041400171,61,9,1,1,8:20 PM,4:56,,,Trail Blazers Timeout: Regular (Reg.1 Short 0),,,3,1610612757,,,,,,0,0,,,,,,0,0,,,,,
58,0041400171,63,8,0,1,8:23 PM,4:56,SUB: Allen FOR Green,,,,,4,201145,Jeff Green,1610612763.0,Memphis,Grizzlies,MEM,4,2754,Tony Allen,1610612763.0,Memphis,Grizzlies,MEM,0,0,,,,,
59,0041400171,64,8,0,1,8:23 PM,4:56,,,SUB: Kaman FOR Batum,,,5,201587,Nicolas Batum,1610612757.0,Portland,Trail Blazers,POR,5,2549,Chris Kaman,1610612757.0,Portland,Trail Blazers,POR,0,0,,,,,
60,0041400171,65,8,0,1,8:23 PM,4:56,,,SUB: Crabbe FOR Lopez,,,5,201577,Robin Lopez,1610612757.0,Portland,Trail Blazers,POR,5,203459,Allen Crabbe,1610612757.0,Portland,Trail Blazers,POR,0,0,,,,,
61,0041400171,66,2,1,1,8:24 PM,4:36,,,MISS Lillard 22' Jump Shot,,,5,203081,Damian Lillard,1610612757.0,Portland,Trail Blazers,POR,0,0,,,,,,0,0,,,,,
62,0041400171,67,4,0,1,8:24 PM,4:35,Allen REBOUND (Off:0 Def:1),,,,,4,2754,Tony Allen,1610612763.0,Memphis,Grizzlies,MEM,0,0,,,,,,0,0,,,,,
63,0041400171,68,2,1,1,8:24 PM,4:15,MISS Gasol 7' Jump Shot,,,,,4,201188,Marc Gasol,1610612763.0,Memphis,Grizzlies,MEM,0,0,,,,,,0,0,,,,,
64,0041400171,69,4,0,1,8:24 PM,4:13,,,Lillard REBOUND (Off:0 Def:2),,,5,203081,Damian Lillard,1610612757.0,Portland,Trail Blazers,POR,0,0,,,,,,0,0,,,,,
65,0041400171,70,2,42,1,8:24 PM,4:05,,,MISS McCollum 2' Driving Layup,,,5,203468,CJ McCollum,1610612757.0,Portland,Trail Blazers,POR,0,0,,,,,,0,0,,,,,
66,0041400171,71,4,0,1,8:24 PM,4:03,Gasol REBOUND (Off:0 Def:4),,,,,4,201188,Marc Gasol,1610612763.0,Memphis,Grizzlies,MEM,0,0,,,,,,0,0,,,,,
67,0041400171,72,2,5,1,8:24 PM,3:57,MISS Allen 1' Layup,,,,,4,2754,Tony Allen,1610612763.0,Memphis,Grizzlies,MEM,0,0,,,,,,0,0,,,,,
68,0041400171,73,4,0,1,8:24 PM,3:56,Randolph REBOUND (Off:3 Def:3),,,,,4,2216,Zach Randolph,1610612763.0,Memphis,Grizzlies,MEM,0,0,,,,,,0,0,,,,,
69,0041400171,74,2,72,1,8:25 PM,3:54,MISS Randolph 1' Putback Layup,,,,,4,2216,Zach Randolph,1610612763.0,Memphis,Grizzlies,MEM,0,0,,,,,,0,0,,,,,
70,0041400171,75,4,0,1,8:25 PM,3:52,,,McCollum REBOUND (Off:0 Def:3),,,5,203468,CJ McCollum,1610612757.0,Portland,Trail Blazers,POR,0,0,,,,,,0,0,,,,,
71,0041400171,76,6,2,1,8:25 PM,3:48,Lee S.FOUL (P1.T1) (J.Capers),,,,,4,201584,Courtney Lee,1610612763.0,Memphis,Grizzlies,MEM,5,203081,Damian Lillard,1610612757.0,Portland,Trail Blazers,POR,1,0,,,,,
72,0041400171,77,3,11,1,8:25 PM,3:48,,,MISS Lillard Free Throw 1 of 2,,,5,203081,Damian Lillard,1610612757.0,Portland,Trail Blazers,POR,0,0,,,,,,0,0,,,,,
73,0041400171,78,4,1,1,8:25 PM,3:48,,,Trail Blazers Rebound,,,3,1610612757,,,,,,0,0,,,,,,0,0,,,,,
74,0041400171,79,8,0,1,8:25 PM,3:48,SUB: Udrih FOR Conley,,,,,4,201144,Mike Conley,1610612763.0,Memphis,Grizzlies,MEM,4,2757,Beno Udrih,1610612763.0,Memphis,Grizzlies,MEM,0,0,,,,,
75,0041400171,80,3,12,1,8:25 PM,3:48,,,Lillard Free Throw 2 of 2 (1 PTS),9 - 12,3,5,203081,Damian Lillard,1610612757.0,Portland,Trail Blazers,POR,0,0,,,,,,0,0,,,,,
76,0041400171,82,6,2,1,8:26 PM,3:34,,,McCollum S.FOUL (P2.T2) (T.Washington),,,5,203468,CJ McCollum,1610612757.0,Portland,Trail Blazers,POR,4,201584,Courtney Lee,1610612763.0,Memphis,Grizzlies,MEM,1,0,,,,,
77,0041400171,84,3,11,1,8:26 PM,3:34,Lee Free Throw 1 of 2 (4 PTS),,,9 - 13,4,4,201584,Courtney Lee,1610612763.0,Memphis,Grizzlies,MEM,0,0,,,,,,0,0,,,,,
78,0041400171,86,8,0,1,8:26 PM,3:34,,,SUB: Blake FOR Lillard,,,5,203081,Damian Lillard,1610612757.0,Portland,Trail Blazers,POR,5,2581,Steve Blake,1610612757.0,Portland,Trail Blazers,POR,0,0,,,,,
79,0041400171,88,8,0,1,8:26 PM,3:34,,,SUB: Batum FOR McCollum,,,5,203468,CJ McCollum,1610612757.0,Portland,Trail Blazers,POR,5,201587,Nicolas Batum,1610612757.0,Portland,Trail Blazers,POR,0,0,,,,,
80,0041400171,87,3,12,1,8:26 PM,3:34,Lee Free Throw 2 of 2 (5 PTS),,,9 - 14,5,4,201584,Courtney Lee,1610612763.0,Memphis,Grizzlies,MEM,0,0,,,,,,0,0,,,,,
81,0041400171,89,2,86,1,8:27 PM,3:16,,,MISS Aldridge 15' Turnaround Fadeaway Shot,,,5,200746,LaMarcus Aldridge,1610612757.0,Portland,Trail Blazers,POR,0,0,,,,,,0,0,,,,,
82,0041400171,90,4,0,1,8:27 PM,3:14,Udrih REBOUND (Off:0 Def:1),,,,,4,2757,Beno Udrih,1610612763.0,Memphis,Grizzlies,MEM,0,0,,,,,,0,0,,,,,
83,0041400171,91,5,1,1,8:27 PM,3:11,Allen Bad Pass Turnover (P1.T2),,Crabbe STEAL (1 STL),,,4,2754,Tony Allen,1610612763.0,Memphis,Grizzlies,MEM,5,203459,Allen Crabbe,1610612757.0,Portland,Trail Blazers,POR,0,0,,,,,
84,0041400171,92,2,47,1,8:27 PM,2:51,,,MISS Aldridge 5' Turnaround Jump Shot,,,5,200746,LaMarcus Aldridge,1610612757.0,Portland,Trail Blazers,POR,0,0,,,,,,0,0,,,,,
85,0041400171,93,4,0,1,8:27 PM,2:50,,,Kaman REBOUND (Off:1 Def:0),,,5,2549,Chris Kaman,1610612757.0,Portland,Trail Blazers,POR,0,0,,,,,,0,0,,,,,
86,0041400171,95,6,4,1,8:27 PM,2:49,,,Kaman OFF.Foul (P1) (T.Washington),,,5,2549,Chris Kaman,1610612757.0,Portland,Trail Blazers,POR,4,201188,Marc Gasol,1610612763.0,Memphis,Grizzlies,MEM,1,0,,,,,
87,0041400171,96,5,5,1,8:27 PM,2:49,,,Kaman Foul Turnover (P1.T2),,,5,2549,Chris Kaman,1610612757.0,Portland,Trail Blazers,POR,0,0,,,,,,1,0,,,,,
88,0041400171,97,6,11,1,8:28 PM,2:49,,,Aldridge T.FOUL (P0.T2) (J.Capers),,,5,200746,LaMarcus Aldridge,1610612757.0,Portland,Trail Blazers,POR,0,0,,,,,,1,0,,,,,
89,0041400171,98,9,1,1,8:28 PM,2:49,GRIZZLIES Timeout: Regular (Full 1 Short 0),,,,,2,1610612763,,,,,,0,0,,,,,,0,0,,,,,
90,0041400171,101,3,16,1,8:31 PM,2:49,Lee Free Throw Technical (6 PTS),,,9 - 15,6,4,201584,Courtney Lee,1610612763.0,Memphis,Grizzlies,MEM,0,0,,,,,,0,0,,,,,
91,0041400171,103,1,1,1,8:31 PM,2:34,Gasol 17' Jump Shot (7 PTS) (Lee 1 AST),,,9 - 17,8,4,201188,Marc Gasol,1610612763.0,Memphis,Grizzlies,MEM,4,201584,Courtney Lee,1610612763.0,Memphis,Grizzlies,MEM,0,0,,,,,
92,0041400171,104,6,1,1,8:32 PM,2:13,Lee P.FOUL (P2.T2) (E.Lewis),,,,,4,201584,Courtney Lee,1610612763.0,Memphis,Grizzlies,MEM,5,201587,Nicolas Batum,1610612757.0,Portland,Trail Blazers,POR,1,0,,,,,
93,0041400171,105,8,0,1,8:32 PM,2:13,SUB: Carter FOR Lee,,,,,4,201584,Courtney Lee,1610612763.0,Memphis,Grizzlies,MEM,4,1713,Vince Carter,1610612763.0,Memphis,Grizzlies,MEM,0,0,,,,,
94,0041400171,106,1,1,1,8:32 PM,2:05,,,Batum 18' Jump Shot (2 PTS) (Blake 1 AST),11 - 17,6,5,201587,Nicolas Batum,1610612757.0,Portland,Trail Blazers,POR,5,2581,Steve Blake,1610612757.0,Portland,Trail Blazers,POR,0,0,,,,,
95,0041400171,107,1,1,1,8:33 PM,1:47,Udrih 21' Jump Shot (2 PTS) (Gasol 1 AST),,,11 - 19,8,4,2757,Beno Udrih,1610612763.0,Memphis,Grizzlies,MEM,4,201188,Marc Gasol,1610612763.0,Memphis,Grizzlies,MEM,0,0,,,,,
96,0041400171,108,1,44,1,8:33 PM,1:32,,,Crabbe  Reverse Layup (2 PTS) (Kaman 1 AST),13 - 19,6,5,203459,Allen Crabbe,1610612757.0,Portland,Trail Blazers,POR,5,2549,Chris Kaman,1610612757.0,Portland,Trail Blazers,POR,0,0,,,,,
97,0041400171,109,2,1,1,8:33 PM,1:21,MISS Gasol 20' Jump Shot,,,,,4,201188,Marc Gasol,1610612763.0,Memphis,Grizzlies,MEM,0,0,,,,,,0,0,,,,,
98,0041400171,110,4,0,1,8:33 PM,1:20,,,Crabbe REBOUND (Off:0 Def:1),,,5,203459,Allen Crabbe,1610612757.0,Portland,Trail Blazers,POR,0,0,,,,,,0,0,,,,,
99,0041400171,111,6,2,1,8:33 PM,1:12,Carter S.FOUL (P1.T3) (J.Capers),,,,,4,1713,Vince Carter,1610612763.0,Memphis,Grizzlies,MEM,5,200746,LaMarcus Aldridge,1610612757.0,Portland,Trail Blazers,POR,1,0,,,,,
100,0041400171,112,3,11,1,8:33 PM,1:12,,,Aldridge Free Throw 1 of 2 (7 PTS),14 - 19,5,5,200746,LaMarcus Aldridge,1610612757.0,Portland,Trail Blazers,POR,0,0,,,,,,0,0,,,,,
101,0041400171,114,8,0,1,8:34 PM,1:12,SUB: Koufos FOR Randolph,,,,,4,2216,Zach Randolph,1610612763.0,Memphis,Grizzlies,MEM,4,201585,Kosta Koufos,1610612763.0,Memphis,Grizzlies,MEM,0,0,,,,,
102,0041400171,115,3,12,1,8:34 PM,1:12,,,Aldridge Free Throw 2 of 2 (8 PTS),15 - 19,4,5,200746,LaMarcus Aldridge,1610612757.0,Portland,Trail Blazers,POR,0,0,,,,,,0,0,,,,,
103,0041400171,117,1,79,1,8:34 PM,1:00,Udrih 16' Pullup Jump Shot (4 PTS),,,15 - 21,6,4,2757,Beno Udrih,1610612763.0,Memphis,Grizzlies,MEM,0,0,,,,,,0,0,,,,,
104,0041400171,118,5,1,1,8:34 PM,0:54,Allen STEAL (1 STL),,Blake Bad Pass Turnover (P1.T3),,,5,2581,Steve Blake,1610612757.0,Portland,Trail Blazers,POR,4,2754,Tony Allen,1610612763.0,Memphis,Grizzlies,MEM,0,0,,,,,
105,0041400171,119,1,79,1,8:35 PM,0:48,Udrih 13' Pullup Jump Shot (6 PTS) (Allen 1 AST),,,15 - 23,8,4,2757,Beno Udrih,1610612763.0,Memphis,Grizzlies,MEM,4,2754,Tony Allen,1610612763.0,Memphis,Grizzlies,MEM,0,0,,,,,
106,0041400171,120,2,46,1,8:35 PM,0:30,,,MISS Aldridge 8' Running Jump Shot,,,5,200746,LaMarcus Aldridge,1610612757.0,Portland,Trail Blazers,POR,0,0,,,,,,0,0,,,,,
107,0041400171,121,4,0,1,8:35 PM,0:29,,,Trail Blazers Rebound,,,3,1610612757,,,,,,0,0,,,,,,0,0,,,,,
108,0041400171,122,5,1,1,8:35 PM,0:26,Koufos STEAL (1 STL),,Batum Bad Pass Turnover (P2.T4),,,5,201587,Nicolas Batum,1610612757.0,Portland,Trail Blazers,POR,4,201585,Kosta Koufos,1610612763.0,Memphis,Grizzlies,MEM,0,0,,,,,
109,0041400171,124,8,0,1,8:36 PM,0:20,SUB: Lee FOR Allen,,,,,4,2754,Tony Allen,1610612763.0,Memphis,Grizzlies,MEM,4,201584,Courtney Lee,1610612763.0,Memphis,Grizzlies,MEM,0,0,,,,,
110,0041400171,125,8,0,1,8:36 PM,0:20,SUB: Green FOR Koufos,,,,,4,201585,Kosta Koufos,1610612763.0,Memphis,Grizzlies,MEM,4,201145,Jeff Green,1610612763.0,Memphis,Grizzlies,MEM,0,0,,,,,
111,0041400171,126,1,79,1,8:36 PM,0:04,Udrih 13' Pullup Jump Shot (8 PTS),,,15 - 25,10,4,2757,Beno Udrih,1610612763.0,Memphis,Grizzlies,MEM,0,0,,,,,,0,0,,,,,
112,0041400171,127,2,41,1,8:36 PM,0:00,,,MISS Blake 1' Running Layup,,,5,2581,Steve Blake,1610612757.0,Portland,Trail Blazers,POR,0,0,,,,,,0,0,,,,,
113,0041400171,130,4,0,1,8:36 PM,0:00,,,Trail Blazers Rebound,,,3,1610612757,,,,,,0,0,,,,,,0,0,,,,,
114,0041400171,129,13,0,1,8:36 PM,0:00,,,,15 - 25,10,0,0,,,,,,0,0,,,,,,0,0,,,,,
115,0041400171,132,12,0,2,8:40 PM,12:00,,,,15 - 25,10,0,0,,,,,,0,0,,,,,,0,0,,,,,
116,0041400171,133,2,3,2,8:40 PM,11:49,MISS Green 8' Hook Shot,,,,,4,201145,Jeff Green,1610612763.0,Memphis,Grizzlies,MEM,0,0,,,,,,0,0,,,,,
117,0041400171,134,4,0,2,8:40 PM,11:47,,,Leonard REBOUND (Off:0 Def:1),,,5,203086,Meyers Leonard,1610612757.0,Portland,Trail Blazers,POR,0,0,,,,,,0,0,,,,,
118,0041400171,135,1,1,2,8:41 PM,11:36,,,Batum 26' 3PT Jump Shot (5 PTS) (Blake 2 AST),18 - 25,7,5,201587,Nicolas Batum,1610612757.0,Portland,Trail Blazers,POR,5,2581,Steve Blake,1610612757.0,Portland,Trail Blazers,POR,0,0,,,,,
119,0041400171,136,2,5,2,8:41 PM,11:17,MISS Green 3' Layup,,Leonard BLOCK (1 BLK),,,4,201145,Jeff Green,1610612763.0,Memphis,Grizzlies,MEM,0,0,,,,,,5,203086,Meyers Leonard,1610612757.0,Portland,Trail Blazers,POR
120,0041400171,137,4,0,2,8:41 PM,11:17,GRIZZLIES Rebound,,,,,2,1610612763,,,,,,0,0,,,,,,0,0,,,,,
121,0041400171,138,1,5,2,8:41 PM,11:13,Green 1' Layup (2 PTS) (Allen 2 AST),,,18 - 27,9,4,201145,Jeff Green,1610612763.0,Memphis,Grizzlies,MEM,4,2754,Tony Allen,1610612763.0,Memphis,Grizzlies,MEM,0,0,,,,,
122,0041400171,139,2,42,2,8:42 PM,10:55,,,MISS Lillard 1' Driving Layup,,,5,203081,Damian Lillard,1610612757.0,Portland,Trail Blazers,POR,0,0,,,,,,0,0,,,,,
123,0041400171,140,4,0,2,8:42 PM,10:54,Carter REBOUND (Off:0 Def:1),,,,,4,1713,Vince Carter,1610612763.0,Memphis,Grizzlies,MEM,0,0,,,,,,0,0,,,,,
124,0041400171,141,1,1,2,8:42 PM,10:46,Udrih 27' 3PT Jump Shot (11 PTS) (Carter 1 AST),,,18 - 30,12,4,2757,Beno Udrih,1610612763.0,Memphis,Grizzlies,MEM,4,1713,Vince Carter,1610612763.0,Memphis,Grizzlies,MEM,0,0,,,,,
125,0041400171,142,2,1,2,8:42 PM,10:29,,,MISS Blake 26' 3PT Jump Shot,,,5,2581,Steve Blake,1610612757.0,Portland,Trail Blazers,POR,0,0,,,,,,0,0,,,,,
126,0041400171,143,4,0,2,8:42 PM,10:28,Koufos REBOUND (Off:0 Def:1),,,,,4,201585,Kosta Koufos,1610612763.0,Memphis,Grizzlies,MEM,0,0,,,,,,0,0,,,,,
127,0041400171,144,1,78,2,8:42 PM,10:12,Koufos 12' Floating Jump Shot (2 PTS) (Udrih 1 AST),,,18 - 32,14,4,201585,Kosta Koufos,1610612763.0,Memphis,Grizzlies,MEM,4,2757,Beno Udrih,1610612763.0,Memphis,Grizzlies,MEM,0,0,,,,,
128,0041400171,145,9,1,2,8:42 PM,10:11,,,Trail Blazers Timeout: Regular (Reg.2 Short 0),,,3,1610612757,,,,,,0,0,,,,,,0,0,,,,,
129,0041400171,148,8,0,2,8:46 PM,10:11,,,SUB: McCollum FOR Leonard,,,5,203086,Meyers Leonard,1610612757.0,Portland,Trail Blazers,POR,5,203468,CJ McCollum,1610612757.0,Portland,Trail Blazers,POR,0,0,,,,,
130,0041400171,149,2,79,2,8:46 PM,10:00,Green BLOCK (1 BLK),,MISS Batum 11' Pullup Jump Shot,,,5,201587,Nicolas Batum,1610612757.0,Portland,Trail Blazers,POR,0,0,,,,,,4,201145,Jeff Green,1610612763.0,Memphis,Grizzlies,MEM
131,0041400171,150,4,0,2,8:46 PM,9:58,Green REBOUND (Off:0 Def:2),,,,,4,201145,Jeff Green,1610612763.0,Memphis,Grizzlies,MEM,0,0,,,,,,0,0,,,,,
132,0041400171,151,1,47,2,8:46 PM,9:48,Udrih 6' Turnaround Jump Shot (13 PTS),,,18 - 34,16,4,2757,Beno Udrih,1610612763.0,Memphis,Grizzlies,MEM,0,0,,,,,,0,0,,,,,
133,0041400171,152,2,1,2,8:46 PM,9:33,,,MISS Blake 26' 3PT Jump Shot,,,5,2581,Steve Blake,1610612757.0,Portland,Trail Blazers,POR,0,0,,,,,,0,0,,,,,
134,0041400171,153,4,0,2,8:46 PM,9:32,Udrih REBOUND (Off:0 Def:2),,,,,4,2757,Beno Udrih,1610612763.0,Memphis,Grizzlies,MEM,0,0,,,,,,0,0,,,,,
135,0041400171,154,2,1,2,8:47 PM,9:11,MISS Carter 25' 3PT Jump Shot,,,,,4,1713,Vince Carter,1610612763.0,Memphis,Grizzlies,MEM,0,0,,,,,,0,0,,,,,
136,0041400171,155,4,0,2,8:47 PM,9:09,Udrih REBOUND (Off:1 Def:2),,,,,4,2757,Beno Udrih,1610612763.0,Memphis,Grizzlies,MEM,0,0,,,,,,0,0,,,,,
137,0041400171,156,6,1,2,8:47 PM,9:00,,,Blake P.FOUL (P1.T1) (J.Capers),,,5,2581,Steve Blake,1610612757.0,Portland,Trail Blazers,POR,4,1713,Vince Carter,1610612763.0,Memphis,Grizzlies,MEM,1,0,,,,,
138,0041400171,157,8,0,2,8:47 PM,9:00,,,SUB: Aldridge FOR Blake,,,5,2581,Steve Blake,1610612757.0,Portland,Trail Blazers,POR,5,200746,LaMarcus Aldridge,1610612757.0,Portland,Trail Blazers,POR,0,0,,,,,
139,0041400171,158,1,41,2,8:47 PM,8:54,Green 1' Running Layup (4 PTS) (Udrih 2 AST),,,18 - 36,18,4,201145,Jeff Green,1610612763.0,Memphis,Grizzlies,MEM,4,2757,Beno Udrih,1610612763.0,Memphis,Grizzlies,MEM,0,0,,,,,
140,0041400171,159,6,2,2,8:48 PM,8:32,Koufos S.FOUL (P1.T1) (J.Capers),,,,,4,201585,Kosta Koufos,1610612763.0,Memphis,Grizzlies,MEM,5,201577,Robin Lopez,1610612757.0,Portland,Trail Blazers,POR,1,0,,,,,
141,0041400171,160,3,11,2,8:48 PM,8:32,,,Lopez Free Throw 1 of 2 (1 PTS),19 - 36,17,5,201577,Robin Lopez,1610612757.0,Portland,Trail Blazers,POR,0,0,,,,,,0,0,,,,,
142,0041400171,162,3,12,2,8:48 PM,8:32,,,Lopez Free Throw 2 of 2 (2 PTS),20 - 36,16,5,201577,Robin Lopez,1610612757.0,Portland,Trail Blazers,POR,0,0,,,,,,0,0,,,,,
143,0041400171,164,2,46,2,8:49 PM,8:16,MISS Udrih 5' Running Jump Shot,,,,,4,2757,Beno Udrih,1610612763.0,Memphis,Grizzlies,MEM,0,0,,,,,,0,0,,,,,
144,0041400171,165,4,0,2,8:49 PM,8:14,,,Lopez REBOUND (Off:2 Def:2),,,5,201577,Robin Lopez,1610612757.0,Portland,Trail Blazers,POR,0,0,,,,,,0,0,,,,,
145,0041400171,166,5,2,2,8:49 PM,8:04,Allen STEAL (2 STL),,Lopez Lost Ball Turnover (P1.T5),,,5,201577,Robin Lopez,1610612757.0,Portland,Trail Blazers,POR,4,2754,Tony Allen,1610612763.0,Memphis,Grizzlies,MEM,0,0,,,,,
146,0041400171,167,6,3,2,8:49 PM,8:04,,,Lopez L.B.FOUL (P1.T2) (T.Washington),,,5,201577,Robin Lopez,1610612757.0,Portland,Trail Blazers,POR,4,2754,Tony Allen,1610612763.0,Memphis,Grizzlies,MEM,1,0,,,,,
147,0041400171,168,8,0,2,8:49 PM,8:04,SUB: Lee FOR Allen,,,,,4,2754,Tony Allen,1610612763.0,Memphis,Grizzlies,MEM,4,201584,Courtney Lee,1610612763.0,Memphis,Grizzlies,MEM,0,0,,,,,
148,0041400171,169,1,1,2,8:49 PM,7:53,Carter 15' Jump Shot (2 PTS) (Udrih 3 AST),,,20 - 38,18,4,1713,Vince Carter,1610612763.0,Memphis,Grizzlies,MEM,4,2757,Beno Udrih,1610612763.0,Memphis,Grizzlies,MEM,0,0,,,,,
149,0041400171,170,2,5,2,8:50 PM,7:33,,,MISS Aldridge  Layup,,,5,200746,LaMarcus Aldridge,1610612757.0,Portland,Trail Blazers,POR,0,0,,,,,,0,0,,,,,
150,0041400171,172,4,0,2,8:50 PM,7:32,,,Lopez REBOUND (Off:3 Def:2),,,5,201577,Robin Lopez,1610612757.0,Portland,Trail Blazers,POR,0,0,,,,,,0,0,,,,,
151,0041400171,171,2,4,2,8:50 PM,7:32,,,MISS Lopez 1' Tip Shot,,,5,201577,Robin Lopez,1610612757.0,Portland,Trail Blazers,POR,0,0,,,,,,0,0,,,,,
152,0041400171,174,4,0,2,8:50 PM,7:31,,,Aldridge REBOUND (Off:2 Def:0),,,5,200746,LaMarcus Aldridge,1610612757.0,Portland,Trail Blazers,POR,0,0,,,,,,0,0,,,,,
153,0041400171,173,1,72,2,8:50 PM,7:31,,,Aldridge 1' Putback Layup (10 PTS),22 - 38,16,5,200746,LaMarcus Aldridge,1610612757.0,Portland,Trail Blazers,POR,0,0,,,,,,0,0,,,,,
154,0041400171,175,6,2,2,8:50 PM,7:31,Koufos S.FOUL (P2.T2) (T.Washington),,,,,4,201585,Kosta Koufos,1610612763.0,Memphis,Grizzlies,MEM,5,200746,LaMarcus Aldridge,1610612757.0,Portland,Trail Blazers,POR,1,0,,,,,
155,0041400171,176,8,0,2,8:50 PM,7:31,SUB: Conley FOR Udrih,,,,,4,2757,Beno Udrih,1610612763.0,Memphis,Grizzlies,MEM,4,201144,Mike Conley,1610612763.0,Memphis,Grizzlies,MEM,0,0,,,,,
156,0041400171,177,8,0,2,8:50 PM,7:31,,,SUB: Kaman FOR Lopez,,,5,201577,Robin Lopez,1610612757.0,Portland,Trail Blazers,POR,5,2549,Chris Kaman,1610612757.0,Portland,Trail Blazers,POR,0,0,,,,,
157,0041400171,178,8,0,2,8:50 PM,7:31,,,SUB: Crabbe FOR Batum,,,5,201587,Nicolas Batum,1610612757.0,Portland,Trail Blazers,POR,5,203459,Allen Crabbe,1610612757.0,Portland,Trail Blazers,POR,0,0,,,,,
158,0041400171,179,3,10,2,8:50 PM,7:31,,,MISS Aldridge Free Throw 1 of 1,,,5,200746,LaMarcus Aldridge,1610612757.0,Portland,Trail Blazers,POR,0,0,,,,,,0,0,,,,,
159,0041400171,181,4,0,2,8:50 PM,7:29,Green REBOUND (Off:0 Def:3),,,,,4,201145,Jeff Green,1610612763.0,Memphis,Grizzlies,MEM,0,0,,,,,,0,0,,,,,
160,0041400171,182,2,1,2,8:51 PM,7:19,MISS Green 15' Jump Shot,,,,,4,201145,Jeff Green,1610612763.0,Memphis,Grizzlies,MEM,0,0,,,,,,0,0,,,,,
161,0041400171,184,4,0,2,8:51 PM,7:18,Koufos REBOUND (Off:1 Def:1),,,,,4,201585,Kosta Koufos,1610612763.0,Memphis,Grizzlies,MEM,0,0,,,,,,0,0,,,,,
162,0041400171,183,2,4,2,8:51 PM,7:18,MISS Koufos  Tip Shot,,,,,4,201585,Kosta Koufos,1610612763.0,Memphis,Grizzlies,MEM,0,0,,,,,,0,0,,,,,
163,0041400171,185,4,0,2,8:51 PM,7:15,,,Lillard REBOUND (Off:0 Def:3),,,5,203081,Damian Lillard,1610612757.0,Portland,Trail Blazers,POR,0,0,,,,,,0,0,,,,,
164,0041400171,186,2,44,2,8:51 PM,7:10,,,MISS Lillard  Reverse Layup,,,5,203081,Damian Lillard,1610612757.0,Portland,Trail Blazers,POR,0,0,,,,,,0,0,,,,,
165,0041400171,187,4,0,2,8:51 PM,7:07,Lee REBOUND (Off:0 Def:2),,,,,4,201584,Courtney Lee,1610612763.0,Memphis,Grizzlies,MEM,0,0,,,,,,0,0,,,,,
166,0041400171,188,5,39,2,8:51 PM,7:04,Conley Step Out of Bounds Turnover (P2.T3),,,,,4,201144,Mike Conley,1610612763.0,Memphis,Grizzlies,MEM,0,0,,,,,,1,0,,,,,
167,0041400171,189,2,1,2,8:52 PM,6:44,,,MISS Aldridge 14' Jump Shot,,,5,200746,LaMarcus Aldridge,1610612757.0,Portland,Trail Blazers,POR,0,0,,,,,,0,0,,,,,
168,0041400171,190,4,0,2,8:52 PM,6:43,,,Kaman REBOUND (Off:2 Def:0),,,5,2549,Chris Kaman,1610612757.0,Portland,Trail Blazers,POR,0,0,,,,,,0,0,,,,,
169,0041400171,191,1,72,2,8:52 PM,6:43,,,Kaman 1' Putback Layup (2 PTS),24 - 38,14,5,2549,Chris Kaman,1610612757.0,Portland,Trail Blazers,POR,0,0,,,,,,0,0,,,,,
170,0041400171,192,6,2,2,8:52 PM,6:43,Carter S.FOUL (P2.T3) (J.Capers),,,,,4,1713,Vince Carter,1610612763.0,Memphis,Grizzlies,MEM,5,2549,Chris Kaman,1610612757.0,Portland,Trail Blazers,POR,1,0,,,,,
171,0041400171,193,8,0,2,8:52 PM,6:43,SUB: Randolph FOR Koufos,,,,,4,201585,Kosta Koufos,1610612763.0,Memphis,Grizzlies,MEM,4,2216,Zach Randolph,1610612763.0,Memphis,Grizzlies,MEM,0,0,,,,,
172,0041400171,194,8,0,2,8:52 PM,6:43,SUB: Gasol FOR Carter,,,,,4,1713,Vince Carter,1610612763.0,Memphis,Grizzlies,MEM,4,201188,Marc Gasol,1610612763.0,Memphis,Grizzlies,MEM,0,0,,,,,
173,0041400171,195,3,10,2,8:52 PM,6:43,,,Kaman Free Throw 1 of 1 (3 PTS),25 - 38,13,5,2549,Chris Kaman,1610612757.0,Portland,Trail Blazers,POR,0,0,,,,,,0,0,,,,,
174,0041400171,197,6,2,2,8:53 PM,6:32,,,Lillard S.FOUL (P1.T3) (E.Lewis),,,5,203081,Damian Lillard,1610612757.0,Portland,Trail Blazers,POR,4,201144,Mike Conley,1610612763.0,Memphis,Grizzlies,MEM,1,0,,,,,
175,0041400171,198,3,11,2,8:53 PM,6:32,Conley Free Throw 1 of 2 (3 PTS),,,25 - 39,14,4,201144,Mike Conley,1610612763.0,Memphis,Grizzlies,MEM,0,0,,,,,,0,0,,,,,
176,0041400171,200,3,12,2,8:53 PM,6:32,Conley Free Throw 2 of 2 (4 PTS),,,25 - 40,15,4,201144,Mike Conley,1610612763.0,Memphis,Grizzlies,MEM,0,0,,,,,,0,0,,,,,
177,0041400171,202,1,41,2,8:54 PM,6:20,,,Lillard 1' Running Layup (3 PTS),27 - 40,13,5,203081,Damian Lillard,1610612757.0,Portland,Trail Blazers,POR,0,0,,,,,,0,0,,,,,
178,0041400171,203,2,71,2,8:54 PM,6:03,MISS Green 1' Finger Roll Layup,,,,,4,201145,Jeff Green,1610612763.0,Memphis,Grizzlies,MEM,0,0,,,,,,0,0,,,,,
179,0041400171,204,4,0,2,8:54 PM,6:01,,,Kaman REBOUND (Off:2 Def:1),,,5,2549,Chris Kaman,1610612757.0,Portland,Trail Blazers,POR,0,0,,,,,,0,0,,,,,
180,0041400171,205,1,5,2,8:54 PM,5:53,,,Kaman 1' Layup (5 PTS) (Lillard 2 AST),29 - 40,11,5,2549,Chris Kaman,1610612757.0,Portland,Trail Blazers,POR,5,203081,Damian Lillard,1610612757.0,Portland,Trail Blazers,POR,0,0,,,,,
181,0041400171,206,9,1,2,8:54 PM,5:41,GRIZZLIES Timeout: Regular (Full 2 Short 0),,,,,2,1610612763,,,,,,0,0,,,,,,0,0,,,,,
182,0041400171,208,2,44,2,8:58 PM,5:24,MISS Randolph 1' Reverse Layup,,Aldridge BLOCK (3 BLK),,,4,2216,Zach Randolph,1610612763.0,Memphis,Grizzlies,MEM,0,0,,,,,,5,200746,LaMarcus Aldridge,1610612757.0,Portland,Trail Blazers,POR
183,0041400171,209,4,0,2,8:58 PM,5:23,,,Lillard REBOUND (Off:0 Def:4),,,5,203081,Damian Lillard,1610612757.0,Portland,Trail Blazers,POR,0,0,,,,,,0,0,,,,,
184,0041400171,210,2,5,2,8:58 PM,5:16,Gasol BLOCK (1 BLK),,MISS Aldridge 1' Layup,,,5,200746,LaMarcus Aldridge,1610612757.0,Portland,Trail Blazers,POR,0,0,,,,,,4,201188,Marc Gasol,1610612763.0,Memphis,Grizzlies,MEM
185,0041400171,211,4,0,2,8:58 PM,5:13,Green REBOUND (Off:0 Def:4),,,,,4,201145,Jeff Green,1610612763.0,Memphis,Grizzlies,MEM,0,0,,,,,,0,0,,,,,
186,0041400171,212,6,2,2,8:59 PM,5:11,,,Crabbe S.FOUL (P1.T4) (T.Washington),,,5,203459,Allen Crabbe,1610612757.0,Portland,Trail Blazers,POR,4,201145,Jeff Green,1610612763.0,Memphis,Grizzlies,MEM,1,0,,,,,
187,0041400171,213,3,11,2,8:59 PM,5:11,Green Free Throw 1 of 2 (5 PTS),,,29 - 41,12,4,201145,Jeff Green,1610612763.0,Memphis,Grizzlies,MEM,0,0,,,,,,0,0,,,,,
188,0041400171,215,3,12,2,8:59 PM,5:11,Green Free Throw 2 of 2 (6 PTS),,,29 - 42,13,4,201145,Jeff Green,1610612763.0,Memphis,Grizzlies,MEM,0,0,,,,,,0,0,,,,,
189,0041400171,218,8,0,2,9:00 PM,4:49,,,SUB: Batum FOR Crabbe,,,5,203459,Allen Crabbe,1610612757.0,Portland,Trail Blazers,POR,5,201587,Nicolas Batum,1610612757.0,Portland,Trail Blazers,POR,0,0,,,,,
190,0041400171,219,1,43,2,9:00 PM,4:47,,,Lillard  Alley Oop Layup (5 PTS) (Batum 1 AST),31 - 42,11,5,203081,Damian Lillard,1610612757.0,Portland,Trail Blazers,POR,5,201587,Nicolas Batum,1610612757.0,Portland,Trail Blazers,POR,0,0,,,,,
191,0041400171,220,6,1,2,9:00 PM,4:31,,,Batum P.FOUL (P1.PN) (E.Lewis),,,5,201587,Nicolas Batum,1610612757.0,Portland,Trail Blazers,POR,4,201145,Jeff Green,1610612763.0,Memphis,Grizzlies,MEM,1,0,,,,,
192,0041400171,221,3,11,2,9:01 PM,4:31,Green Free Throw 1 of 2 (7 PTS),,,31 - 43,12,4,201145,Jeff Green,1610612763.0,Memphis,Grizzlies,MEM,0,0,,,,,,0,0,,,,,
193,0041400171,223,3,12,2,9:01 PM,4:31,Green Free Throw 2 of 2 (8 PTS),,,31 - 44,13,4,201145,Jeff Green,1610612763.0,Memphis,Grizzlies,MEM,0,0,,,,,,0,0,,,,,
194,0041400171,225,2,84,2,9:02 PM,4:14,,,MISS Batum 9' Running Bank Shot,,,5,201587,Nicolas Batum,1610612757.0,Portland,Trail Blazers,POR,0,0,,,,,,0,0,,,,,
195,0041400171,227,4,0,2,9:02 PM,4:12,,,Aldridge REBOUND (Off:3 Def:0),,,5,200746,LaMarcus Aldridge,1610612757.0,Portland,Trail Blazers,POR,0,0,,,,,,0,0,,,,,
196,0041400171,226,1,72,2,9:02 PM,4:12,,,Aldridge 1' Putback Layup (12 PTS),33 - 44,11,5,200746,LaMarcus Aldridge,1610612757.0,Portland,Trail Blazers,POR,0,0,,,,,,0,0,,,,,
197,0041400171,228,2,1,2,9:02 PM,4:01,MISS Lee 16' Jump Shot,,,,,4,201584,Courtney Lee,1610612763.0,Memphis,Grizzlies,MEM,0,0,,,,,,0,0,,,,,
198,0041400171,229,4,0,2,9:02 PM,4:00,,,Kaman REBOUND (Off:2 Def:2),,,5,2549,Chris Kaman,1610612757.0,Portland,Trail Blazers,POR,0,0,,,,,,0,0,,,,,
199,0041400171,230,2,79,2,9:02 PM,3:52,,,MISS Lillard 19' Pullup Jump Shot,,,5,203081,Damian Lillard,1610612757.0,Portland,Trail Blazers,POR,0,0,,,,,,0,0,,,,,
200,0041400171,232,4,0,2,9:02 PM,3:50,,,Kaman REBOUND (Off:3 Def:2),,,5,2549,Chris Kaman,1610612757.0,Portland,Trail Blazers,POR,0,0,,,,,,0,0,,,,,
201,0041400171,231,1,66,2,9:02 PM,3:50,,,Kaman 4' Jump Bank Shot (7 PTS),35 - 44,9,5,2549,Chris Kaman,1610612757.0,Portland,Trail Blazers,POR,0,0,,,,,,0,0,,,,,
202,0041400171,233,2,1,2,9:02 PM,3:29,MISS Randolph 13' Jump Shot,,,,,4,2216,Zach Randolph,1610612763.0,Memphis,Grizzlies,MEM,0,0,,,,,,0,0,,,,,
203,0041400171,234,4,0,2,9:02 PM,3:28,,,Kaman REBOUND (Off:3 Def:3),,,5,2549,Chris Kaman,1610612757.0,Portland,Trail Blazers,POR,0,0,,,,,,0,0,,,,,
204,0041400171,235,2,66,2,9:03 PM,3:16,,,MISS Kaman 11' Jump Bank Shot,,,5,2549,Chris Kaman,1610612757.0,Portland,Trail Blazers,POR,0,0,,,,,,0,0,,,,,
205,0041400171,236,4,0,2,9:03 PM,3:13,Green REBOUND (Off:0 Def:5),,,,,4,201145,Jeff Green,1610612763.0,Memphis,Grizzlies,MEM,0,0,,,,,,0,0,,,,,
206,0041400171,237,1,3,2,9:03 PM,3:05,Gasol 8' Hook Shot (9 PTS),,,35 - 46,11,4,201188,Marc Gasol,1610612763.0,Memphis,Grizzlies,MEM,0,0,,,,,,0,0,,,,,
207,0041400171,238,2,1,2,9:03 PM,2:47,,,MISS Batum 25' 3PT Jump Shot,,,5,201587,Nicolas Batum,1610612757.0,Portland,Trail Blazers,POR,0,0,,,,,,0,0,,,,,
208,0041400171,239,4,0,2,9:03 PM,2:46,Conley REBOUND (Off:0 Def:1),,,,,4,201144,Mike Conley,1610612763.0,Memphis,Grizzlies,MEM,0,0,,,,,,0,0,,,,,
209,0041400171,240,1,41,2,9:03 PM,2:40,Conley 2' Running Layup (6 PTS),,,35 - 48,13,4,201144,Mike Conley,1610612763.0,Memphis,Grizzlies,MEM,0,0,,,,,,0,0,,,,,
210,0041400171,241,6,2,2,9:03 PM,2:40,,,Lillard S.FOUL (P2.PN) (T.Washington),,,5,203081,Damian Lillard,1610612757.0,Portland,Trail Blazers,POR,4,201144,Mike Conley,1610612763.0,Memphis,Grizzlies,MEM,1,0,,,,,
211,0041400171,242,9,1,2,9:04 PM,2:40,,,,,,1,0,,,,,,0,0,,,,,,0,0,,,,,
212,0041400171,244,8,0,2,9:06 PM,2:40,SUB: Allen FOR Green,,,,,4,201145,Jeff Green,1610612763.0,Memphis,Grizzlies,MEM,4,2754,Tony Allen,1610612763.0,Memphis,Grizzlies,MEM,0,0,,,,,
213,0041400171,246,3,10,2,9:07 PM,2:40,Conley Free Throw 1 of 1 (7 PTS),,,35 - 49,14,4,201144,Mike Conley,1610612763.0,Memphis,Grizzlies,MEM,0,0,,,,,,0,0,,,,,
214,0041400171,248,1,52,2,9:07 PM,2:28,,,Aldridge  Alley Oop Dunk (14 PTS) (Kaman 2 AST),37 - 49,12,5,200746,LaMarcus Aldridge,1610612757.0,Portland,Trail Blazers,POR,5,2549,Chris Kaman,1610612757.0,Portland,Trail Blazers,POR,0,0,,,,,
215,0041400171,249,2,1,2,9:07 PM,2:13,MISS Gasol 19' Jump Shot,,,,,4,201188,Marc Gasol,1610612763.0,Memphis,Grizzlies,MEM,0,0,,,,,,0,0,,,,,
216,0041400171,250,4,0,2,9:07 PM,2:12,,,Trail Blazers Rebound,,,3,1610612757,,,,,,0,0,,,,,,0,0,,,,,
217,0041400171,251,2,5,2,9:08 PM,1:57,Gasol BLOCK (2 BLK),,MISS Kaman  Layup,,,5,2549,Chris Kaman,1610612757.0,Portland,Trail Blazers,POR,0,0,,,,,,4,201188,Marc Gasol,1610612763.0,Memphis,Grizzlies,MEM
218,0041400171,252,4,0,2,9:08 PM,1:57,GRIZZLIES Rebound,,,,,2,1610612763,,,,,,0,0,,,,,,0,0,,,,,
219,0041400171,253,1,1,2,9:08 PM,1:39,Lee 26' 3PT Jump Shot (9 PTS) (Gasol 2 AST),,,37 - 52,15,4,201584,Courtney Lee,1610612763.0,Memphis,Grizzlies,MEM,4,201188,Marc Gasol,1610612763.0,Memphis,Grizzlies,MEM,0,0,,,,,
220,0041400171,254,5,1,2,9:08 PM,1:19,Conley STEAL (1 STL),,Kaman Bad Pass Turnover (P2.T6),,,5,2549,Chris Kaman,1610612757.0,Portland,Trail Blazers,POR,4,201144,Mike Conley,1610612763.0,Memphis,Grizzlies,MEM,0,0,,,,,
221,0041400171,255,1,5,2,9:09 PM,1:16,Conley 1' Layup (9 PTS),,,37 - 54,17,4,201144,Mike Conley,1610612763.0,Memphis,Grizzlies,MEM,0,0,,,,,,0,0,,,,,
222,0041400171,256,9,2,2,9:09 PM,1:15,,,Trail Blazers Timeout: Short (Reg.2 Short 1),,,3,1610612757,,,,,,0,0,,,,,,0,0,,,,,
223,0041400171,258,8,0,2,9:09 PM,1:15,,,SUB: Lopez FOR Kaman,,,5,2549,Chris Kaman,1610612757.0,Portland,Trail Blazers,POR,5,201577,Robin Lopez,1610612757.0,Portland,Trail Blazers,POR,0,0,,,,,
224,0041400171,259,2,42,2,9:10 PM,1:02,,,MISS Lillard  Driving Layup,,,5,203081,Damian Lillard,1610612757.0,Portland,Trail Blazers,POR,0,0,,,,,,0,0,,,,,
225,0041400171,260,4,0,2,9:10 PM,0:59,Allen REBOUND (Off:0 Def:2),,,,,4,2754,Tony Allen,1610612763.0,Memphis,Grizzlies,MEM,0,0,,,,,,0,0,,,,,
226,0041400171,261,1,42,2,9:10 PM,0:44,Gasol  Driving Layup (11 PTS),,,37 - 56,19,4,201188,Marc Gasol,1610612763.0,Memphis,Grizzlies,MEM,0,0,,,,,,0,0,,,,,
227,0041400171,262,6,2,2,9:10 PM,0:44,,,Batum S.FOUL (P2.PN) (T.Washington),,,5,201587,Nicolas Batum,1610612757.0,Portland,Trail Blazers,POR,4,201188,Marc Gasol,1610612763.0,Memphis,Grizzlies,MEM,1,0,,,,,
228,0041400171,263,3,10,2,9:11 PM,0:44,MISS Gasol Free Throw 1 of 1,,,,,4,201188,Marc Gasol,1610612763.0,Memphis,Grizzlies,MEM,0,0,,,,,,0,0,,,,,
229,0041400171,265,4,0,2,9:11 PM,0:43,,,Aldridge REBOUND (Off:3 Def:1),,,5,200746,LaMarcus Aldridge,1610612757.0,Portland,Trail Blazers,POR,0,0,,,,,,0,0,,,,,
230,0041400171,266,2,80,2,9:11 PM,0:28,,,MISS Lillard 21' Step Back Jump Shot,,,5,203081,Damian Lillard,1610612757.0,Portland,Trail Blazers,POR,0,0,,,,,,0,0,,,,,
231,0041400171,267,4,0,2,9:11 PM,0:28,GRIZZLIES Rebound,,,,,2,1610612763,,,,,,0,0,,,,,,0,0,,,,,
232,0041400171,268,6,3,2,9:11 PM,0:28,,,Aldridge L.B.FOUL (P1.PN) (J.Capers),,,5,200746,LaMarcus Aldridge,1610612757.0,Portland,Trail Blazers,POR,4,2216,Zach Randolph,1610612763.0,Memphis,Grizzlies,MEM,1,0,,,,,
233,0041400171,269,3,11,2,9:11 PM,0:28,Randolph Free Throw 1 of 2 (3 PTS),,,37 - 57,20,4,2216,Zach Randolph,1610612763.0,Memphis,Grizzlies,MEM,0,0,,,,,,0,0,,,,,
234,0041400171,271,3,12,2,9:12 PM,0:28,Randolph Free Throw 2 of 2 (4 PTS),,,37 - 58,21,4,2216,Zach Randolph,1610612763.0,Memphis,Grizzlies,MEM,0,0,,,,,,0,0,,,,,
235,0041400171,273,1,86,2,9:12 PM,0:07,,,Aldridge 7' Turnaround Fadeaway (16 PTS),39 - 58,19,5,200746,LaMarcus Aldridge,1610612757.0,Portland,Trail Blazers,POR,0,0,,,,,,0,0,,,,,
236,0041400171,274,2,79,2,9:12 PM,0:04,MISS Conley 15' Pullup Jump Shot,,,,,4,201144,Mike Conley,1610612763.0,Memphis,Grizzlies,MEM,0,0,,,,,,0,0,,,,,
237,0041400171,276,4,0,2,9:13 PM,0:00,,,McCollum REBOUND (Off:0 Def:4),,,5,203468,CJ McCollum,1610612757.0,Portland,Trail Blazers,POR,0,0,,,,,,0,0,,,,,
238,0041400171,277,13,0,2,9:13 PM,0:00,,,,39 - 58,19,0,0,,,,,,0,0,,,,,,0,0,,,,,
239,0041400171,279,12,0,3,9:31 PM,12:00,,,,39 - 58,19,0,0,,,,,,0,0,,,,,,0,0,,,,,
240,0041400171,280,1,41,3,9:31 PM,11:45,Conley  Running Layup (11 PTS),,,39 - 60,21,4,201144,Mike Conley,1610612763.0,Memphis,Grizzlies,MEM,0,0,,,,,,0,0,,,,,
241,0041400171,281,6,2,3,9:31 PM,11:45,,,Lopez S.FOUL (P2.T1) (J.Capers),,,5,201577,Robin Lopez,1610612757.0,Portland,Trail Blazers,POR,4,201144,Mike Conley,1610612763.0,Memphis,Grizzlies,MEM,1,0,,,,,
242,0041400171,282,3,10,3,9:31 PM,11:45,MISS Conley Free Throw 1 of 1,,,,,4,201144,Mike Conley,1610612763.0,Memphis,Grizzlies,MEM,0,0,,,,,,0,0,,,,,
243,0041400171,284,4,0,3,9:31 PM,11:44,,,Batum REBOUND (Off:1 Def:3),,,5,201587,Nicolas Batum,1610612757.0,Portland,Trail Blazers,POR,0,0,,,,,,0,0,,,,,
244,0041400171,285,2,1,3,9:32 PM,11:35,,,MISS McCollum 26' 3PT Jump Shot,,,5,203468,CJ McCollum,1610612757.0,Portland,Trail Blazers,POR,0,0,,,,,,0,0,,,,,
245,0041400171,286,4,0,3,9:32 PM,11:34,Gasol REBOUND (Off:0 Def:5),,,,,4,201188,Marc Gasol,1610612763.0,Memphis,Grizzlies,MEM,0,0,,,,,,0,0,,,,,
246,0041400171,287,2,1,3,9:32 PM,11:24,MISS Randolph 19' Jump Shot,,,,,4,2216,Zach Randolph,1610612763.0,Memphis,Grizzlies,MEM,0,0,,,,,,0,0,,,,,
247,0041400171,288,4,0,3,9:32 PM,11:23,,,Batum REBOUND (Off:1 Def:4),,,5,201587,Nicolas Batum,1610612757.0,Portland,Trail Blazers,POR,0,0,,,,,,0,0,,,,,
248,0041400171,289,2,1,3,9:32 PM,11:16,,,MISS Lillard 27' 3PT Jump Shot,,,5,203081,Damian Lillard,1610612757.0,Portland,Trail Blazers,POR,0,0,,,,,,0,0,,,,,
249,0041400171,290,4,0,3,9:32 PM,11:14,GRIZZLIES Rebound,,,,,2,1610612763,,,,,,0,0,,,,,,0,0,,,,,
250,0041400171,291,2,1,3,9:32 PM,11:01,MISS Conley 26' 3PT Jump Shot,,,,,4,201144,Mike Conley,1610612763.0,Memphis,Grizzlies,MEM,0,0,,,,,,0,0,,,,,
251,0041400171,292,4,0,3,9:32 PM,11:00,,,Lillard REBOUND (Off:0 Def:5),,,5,203081,Damian Lillard,1610612757.0,Portland,Trail Blazers,POR,0,0,,,,,,0,0,,,,,
252,0041400171,293,1,86,3,9:32 PM,10:49,,,Batum 14' Turnaround Fadeaway (7 PTS),41 - 60,19,5,201587,Nicolas Batum,1610612757.0,Portland,Trail Blazers,POR,0,0,,,,,,0,0,,,,,
253,0041400171,294,1,78,3,9:33 PM,10:29,Conley 9' Floating Jump Shot (13 PTS) (Gasol 3 AST),,,41 - 62,21,4,201144,Mike Conley,1610612763.0,Memphis,Grizzlies,MEM,4,201188,Marc Gasol,1610612763.0,Memphis,Grizzlies,MEM,0,0,,,,,
254,0041400171,295,1,52,3,9:33 PM,10:09,,,Lillard  Alley Oop Dunk (7 PTS) (Batum 2 AST),43 - 62,19,5,203081,Damian Lillard,1610612757.0,Portland,Trail Blazers,POR,5,201587,Nicolas Batum,1610612757.0,Portland,Trail Blazers,POR,0,0,,,,,
255,0041400171,296,1,5,3,9:33 PM,9:51,Randolph 2' Layup (6 PTS),,,43 - 64,21,4,2216,Zach Randolph,1610612763.0,Memphis,Grizzlies,MEM,0,0,,,,,,0,0,,,,,
256,0041400171,297,1,47,3,9:34 PM,9:35,,,Aldridge 12' Turnaround Jump Shot (18 PTS),45 - 64,19,5,200746,LaMarcus Aldridge,1610612757.0,Portland,Trail Blazers,POR,0,0,,,,,,0,0,,,,,
257,0041400171,298,2,78,3,9:34 PM,9:08,MISS Conley 14' Floating Jump Shot,,,,,4,201144,Mike Conley,1610612763.0,Memphis,Grizzlies,MEM,0,0,,,,,,0,0,,,,,
258,0041400171,299,4,0,3,9:34 PM,9:05,,,McCollum REBOUND (Off:0 Def:5),,,5,203468,CJ McCollum,1610612757.0,Portland,Trail Blazers,POR,0,0,,,,,,0,0,,,,,
259,0041400171,300,2,42,3,9:34 PM,8:59,Green BLOCK (2 BLK),,MISS McCollum 1' Driving Layup,,,5,203468,CJ McCollum,1610612757.0,Portland,Trail Blazers,POR,0,0,,,,,,4,201145,Jeff Green,1610612763.0,Memphis,Grizzlies,MEM
260,0041400171,301,4,0,3,9:34 PM,8:56,,,Batum REBOUND (Off:2 Def:4),,,5,201587,Nicolas Batum,1610612757.0,Portland,Trail Blazers,POR,0,0,,,,,,0,0,,,,,
261,0041400171,302,6,1,3,9:34 PM,8:51,Randolph P.FOUL (P1.T1) (J.Capers),,,,,4,2216,Zach Randolph,1610612763.0,Memphis,Grizzlies,MEM,5,200746,LaMarcus Aldridge,1610612757.0,Portland,Trail Blazers,POR,1,0,,,,,
262,0041400171,303,2,46,3,9:35 PM,8:40,,,MISS McCollum 9' Running Jump Shot,,,5,203468,CJ McCollum,1610612757.0,Portland,Trail Blazers,POR,0,0,,,,,,0,0,,,,,
263,0041400171,304,4,0,3,9:35 PM,8:37,Gasol REBOUND (Off:0 Def:6),,,,,4,201188,Marc Gasol,1610612763.0,Memphis,Grizzlies,MEM,0,0,,,,,,0,0,,,,,
264,0041400171,305,5,1,3,9:35 PM,8:32,Lee Bad Pass Turnover (P1.T4),,McCollum STEAL (1 STL),,,4,201584,Courtney Lee,1610612763.0,Memphis,Grizzlies,MEM,5,203468,CJ McCollum,1610612757.0,Portland,Trail Blazers,POR,0,0,,,,,
265,0041400171,306,2,1,3,9:35 PM,8:22,,,MISS Aldridge 11' Jump Shot,,,5,200746,LaMarcus Aldridge,1610612757.0,Portland,Trail Blazers,POR,0,0,,,,,,0,0,,,,,
266,0041400171,307,4,0,3,9:35 PM,8:20,,,Lillard REBOUND (Off:1 Def:5),,,5,203081,Damian Lillard,1610612757.0,Portland,Trail Blazers,POR,0,0,,,,,,0,0,,,,,
267,0041400171,308,1,1,3,9:35 PM,8:16,,,Batum 25' 3PT Jump Shot (10 PTS) (Lillard 3 AST),48 - 64,16,5,201587,Nicolas Batum,1610612757.0,Portland,Trail Blazers,POR,5,203081,Damian Lillard,1610612757.0,Portland,Trail Blazers,POR,0,0,,,,,
268,0041400171,309,9,1,3,9:35 PM,8:16,GRIZZLIES Timeout: Regular (Full 3 Short 0),,,,,2,1610612763,,,,,,0,0,,,,,,0,0,,,,,
269,0041400171,311,1,1,3,9:39 PM,7:56,Randolph 15' Jump Shot (8 PTS) (Lee 2 AST),,,48 - 66,18,4,2216,Zach Randolph,1610612763.0,Memphis,Grizzlies,MEM,4,201584,Courtney Lee,1610612763.0,Memphis,Grizzlies,MEM,0,0,,,,,
270,0041400171,312,2,86,3,9:39 PM,7:32,,,MISS Aldridge 14' Turnaround Fadeaway Shot,,,5,200746,LaMarcus Aldridge,1610612757.0,Portland,Trail Blazers,POR,0,0,,,,,,0,0,,,,,
271,0041400171,313,4,0,3,9:39 PM,7:31,,,Trail Blazers Rebound,,,3,1610612757,,,,,,0,0,,,,,,0,0,,,,,
272,0041400171,314,6,3,3,9:40 PM,7:31,Gasol L.B.FOUL (P1.T2) (E.Lewis),,,,,4,201188,Marc Gasol,1610612763.0,Memphis,Grizzlies,MEM,5,201577,Robin Lopez,1610612757.0,Portland,Trail Blazers,POR,1,0,,,,,
273,0041400171,315,6,4,3,9:40 PM,7:14,,,Aldridge OFF.Foul (P2) (T.Washington),,,5,200746,LaMarcus Aldridge,1610612757.0,Portland,Trail Blazers,POR,4,201188,Marc Gasol,1610612763.0,Memphis,Grizzlies,MEM,1,0,,,,,
274,0041400171,316,5,5,3,9:40 PM,7:14,,,Aldridge Foul Turnover (P1.T7),,,5,200746,LaMarcus Aldridge,1610612757.0,Portland,Trail Blazers,POR,0,0,,,,,,1,0,,,,,
275,0041400171,317,6,1,3,9:41 PM,6:58,,,Lopez P.FOUL (P3.T2) (E.Lewis),,,5,201577,Robin Lopez,1610612757.0,Portland,Trail Blazers,POR,4,201188,Marc Gasol,1610612763.0,Memphis,Grizzlies,MEM,1,0,,,,,
276,0041400171,321,1,1,3,9:42 PM,6:47,Green 22' Jump Shot (10 PTS) (Gasol 4 AST),,,48 - 68,20,4,201145,Jeff Green,1610612763.0,Memphis,Grizzlies,MEM,4,201188,Marc Gasol,1610612763.0,Memphis,Grizzlies,MEM,0,0,,,,,
277,0041400171,322,2,78,3,9:42 PM,6:28,,,MISS Lillard 8' Floating Jump Shot,,,5,203081,Damian Lillard,1610612757.0,Portland,Trail Blazers,POR,0,0,,,,,,0,0,,,,,
278,0041400171,323,4,0,3,9:42 PM,6:26,Randolph REBOUND (Off:3 Def:4),,,,,4,2216,Zach Randolph,1610612763.0,Memphis,Grizzlies,MEM,0,0,,,,,,0,0,,,,,
279,0041400171,324,6,2,3,9:43 PM,6:20,,,Batum S.FOUL (P3.T3) (J.Capers),,,5,201587,Nicolas Batum,1610612757.0,Portland,Trail Blazers,POR,4,201145,Jeff Green,1610612763.0,Memphis,Grizzlies,MEM,1,0,,,,,
280,0041400171,325,3,11,3,9:43 PM,6:20,Green Free Throw 1 of 2 (11 PTS),,,48 - 69,21,4,201145,Jeff Green,1610612763.0,Memphis,Grizzlies,MEM,0,0,,,,,,0,0,,,,,
281,0041400171,327,3,12,3,9:43 PM,6:20,MISS Green Free Throw 2 of 2,,,,,4,201145,Jeff Green,1610612763.0,Memphis,Grizzlies,MEM,0,0,,,,,,0,0,,,,,
282,0041400171,329,4,0,3,9:43 PM,6:19,,,Aldridge REBOUND (Off:3 Def:2),,,5,200746,LaMarcus Aldridge,1610612757.0,Portland,Trail Blazers,POR,0,0,,,,,,0,0,,,,,
283,0041400171,330,2,1,3,9:44 PM,6:01,,,MISS Batum 25' 3PT Jump Shot,,,5,201587,Nicolas Batum,1610612757.0,Portland,Trail Blazers,POR,0,0,,,,,,0,0,,,,,
284,0041400171,331,4,0,3,9:44 PM,6:00,Lee REBOUND (Off:0 Def:3),,,,,4,201584,Courtney Lee,1610612763.0,Memphis,Grizzlies,MEM,0,0,,,,,,0,0,,,,,
285,0041400171,332,2,5,3,9:44 PM,5:52,MISS Randolph 2' Layup,,,,,4,2216,Zach Randolph,1610612763.0,Memphis,Grizzlies,MEM,0,0,,,,,,0,0,,,,,
286,0041400171,334,4,0,3,9:44 PM,5:49,Gasol REBOUND (Off:1 Def:6),,,,,4,201188,Marc Gasol,1610612763.0,Memphis,Grizzlies,MEM,0,0,,,,,,0,0,,,,,
287,0041400171,333,1,44,3,9:44 PM,5:49,Gasol 1' Reverse Layup (13 PTS),,,48 - 71,23,4,201188,Marc Gasol,1610612763.0,Memphis,Grizzlies,MEM,0,0,,,,,,0,0,,,,,
288,0041400171,335,5,1,3,9:44 PM,5:31,,,Batum Bad Pass Turnover (P3.T8),,,5,201587,Nicolas Batum,1610612757.0,Portland,Trail Blazers,POR,0,0,,,,,,0,0,,,,,
289,0041400171,336,8,0,3,9:44 PM,5:31,,,SUB: Kaman FOR Lopez,,,5,201577,Robin Lopez,1610612757.0,Portland,Trail Blazers,POR,5,2549,Chris Kaman,1610612757.0,Portland,Trail Blazers,POR,0,0,,,,,
290,0041400171,337,1,63,3,9:45 PM,5:12,Randolph 13' Fadeaway Jumper (10 PTS),,,48 - 73,25,4,2216,Zach Randolph,1610612763.0,Memphis,Grizzlies,MEM,0,0,,,,,,0,0,,,,,
291,0041400171,338,9,1,3,9:45 PM,5:11,,,Trail Blazers Timeout: Regular (Reg.3 Short 1),,,3,1610612757,,,,,,0,0,,,,,,0,0,,,,,
292,0041400171,340,8,0,3,9:47 PM,5:11,SUB: Allen FOR Green,,,,,4,201145,Jeff Green,1610612763.0,Memphis,Grizzlies,MEM,4,2754,Tony Allen,1610612763.0,Memphis,Grizzlies,MEM,0,0,,,,,
293,0041400171,341,8,0,3,9:48 PM,5:11,,,SUB: Crabbe FOR McCollum,,,5,203468,CJ McCollum,1610612757.0,Portland,Trail Blazers,POR,5,203459,Allen Crabbe,1610612757.0,Portland,Trail Blazers,POR,0,0,,,,,
294,0041400171,342,1,1,3,9:48 PM,4:56,,,Aldridge 25' 3PT Jump Shot (21 PTS) (Batum 3 AST),51 - 73,22,5,200746,LaMarcus Aldridge,1610612757.0,Portland,Trail Blazers,POR,5,201587,Nicolas Batum,1610612757.0,Portland,Trail Blazers,POR,0,0,,,,,
295,0041400171,343,1,5,3,9:49 PM,4:34,Randolph 2' Layup (12 PTS) (Gasol 5 AST),,,51 - 75,24,4,2216,Zach Randolph,1610612763.0,Memphis,Grizzlies,MEM,4,201188,Marc Gasol,1610612763.0,Memphis,Grizzlies,MEM,0,0,,,,,
296,0041400171,344,1,79,3,9:49 PM,4:23,,,Lillard 10' Pullup Jump Shot (9 PTS),53 - 75,22,5,203081,Damian Lillard,1610612757.0,Portland,Trail Blazers,POR,0,0,,,,,,0,0,,,,,
297,0041400171,345,1,42,3,9:49 PM,4:08,Conley 1' Driving Layup (15 PTS),,,53 - 77,24,4,201144,Mike Conley,1610612763.0,Memphis,Grizzlies,MEM,0,0,,,,,,0,0,,,,,
298,0041400171,346,6,2,3,9:49 PM,4:08,,,Kaman S.FOUL (P2.T4) (T.Washington),,,5,2549,Chris Kaman,1610612757.0,Portland,Trail Blazers,POR,4,201144,Mike Conley,1610612763.0,Memphis,Grizzlies,MEM,1,0,,,,,
299,0041400171,347,3,10,3,9:49 PM,4:08,Conley Free Throw 1 of 1 (16 PTS),,,53 - 78,25,4,201144,Mike Conley,1610612763.0,Memphis,Grizzlies,MEM,0,0,,,,,,0,0,,,,,
300,0041400171,349,6,2,3,9:50 PM,3:55,Gasol S.FOUL (P2.T3) (T.Washington),,,,,4,201188,Marc Gasol,1610612763.0,Memphis,Grizzlies,MEM,5,203081,Damian Lillard,1610612757.0,Portland,Trail Blazers,POR,1,0,,,,,
301,0041400171,350,3,11,3,9:50 PM,3:55,,,MISS Lillard Free Throw 1 of 2,,,5,203081,Damian Lillard,1610612757.0,Portland,Trail Blazers,POR,0,0,,,,,,0,0,,,,,
302,0041400171,351,4,1,3,9:50 PM,3:55,,,Trail Blazers Rebound,,,3,1610612757,,,,,,0,0,,,,,,0,0,,,,,
303,0041400171,352,8,0,3,9:50 PM,3:55,SUB: Udrih FOR Conley,,,,,4,201144,Mike Conley,1610612763.0,Memphis,Grizzlies,MEM,4,2757,Beno Udrih,1610612763.0,Memphis,Grizzlies,MEM,0,0,,,,,
304,0041400171,353,3,12,3,9:50 PM,3:55,,,MISS Lillard Free Throw 2 of 2,,,5,203081,Damian Lillard,1610612757.0,Portland,Trail Blazers,POR,0,0,,,,,,0,0,,,,,
305,0041400171,355,4,0,3,9:51 PM,3:54,Gasol REBOUND (Off:1 Def:7),,,,,4,201188,Marc Gasol,1610612763.0,Memphis,Grizzlies,MEM,0,0,,,,,,0,0,,,,,
306,0041400171,356,2,86,3,9:51 PM,3:35,MISS Gasol 10' Turnaround Fadeaway Shot,,,,,4,201188,Marc Gasol,1610612763.0,Memphis,Grizzlies,MEM,0,0,,,,,,0,0,,,,,
307,0041400171,357,4,0,3,9:51 PM,3:33,,,Lillard REBOUND (Off:1 Def:6),,,5,203081,Damian Lillard,1610612757.0,Portland,Trail Blazers,POR,0,0,,,,,,0,0,,,,,
308,0041400171,358,2,46,3,9:51 PM,3:28,,,MISS Kaman 8' Running Jump Shot,,,5,2549,Chris Kaman,1610612757.0,Portland,Trail Blazers,POR,0,0,,,,,,0,0,,,,,
309,0041400171,359,4,0,3,9:51 PM,3:26,Gasol REBOUND (Off:1 Def:8),,,,,4,201188,Marc Gasol,1610612763.0,Memphis,Grizzlies,MEM,0,0,,,,,,0,0,,,,,
310,0041400171,360,2,1,3,9:51 PM,3:13,MISS Lee 22' Jump Shot,,,,,4,201584,Courtney Lee,1610612763.0,Memphis,Grizzlies,MEM,0,0,,,,,,0,0,,,,,
311,0041400171,361,4,0,3,9:51 PM,3:12,,,Aldridge REBOUND (Off:3 Def:3),,,5,200746,LaMarcus Aldridge,1610612757.0,Portland,Trail Blazers,POR,0,0,,,,,,0,0,,,,,
312,0041400171,362,2,1,3,9:52 PM,3:03,,,MISS Lillard 26' 3PT Jump Shot,,,5,203081,Damian Lillard,1610612757.0,Portland,Trail Blazers,POR,0,0,,,,,,0,0,,,,,
313,0041400171,363,4,0,3,9:52 PM,3:01,Udrih REBOUND (Off:1 Def:3),,,,,4,2757,Beno Udrih,1610612763.0,Memphis,Grizzlies,MEM,0,0,,,,,,0,0,,,,,
314,0041400171,364,1,5,3,9:52 PM,2:49,Udrih  Layup (15 PTS) (Gasol 6 AST),,,53 - 80,27,4,2757,Beno Udrih,1610612763.0,Memphis,Grizzlies,MEM,4,201188,Marc Gasol,1610612763.0,Memphis,Grizzlies,MEM,0,0,,,,,
315,0041400171,365,6,1,3,9:52 PM,2:33,Randolph P.FOUL (P2.T4) (E.Lewis),,,,,4,2216,Zach Randolph,1610612763.0,Memphis,Grizzlies,MEM,5,2549,Chris Kaman,1610612757.0,Portland,Trail Blazers,POR,1,0,,,,,
316,0041400171,366,8,0,3,9:52 PM,2:33,,,SUB: McCollum FOR Batum,,,5,201587,Nicolas Batum,1610612757.0,Portland,Trail Blazers,POR,5,203468,CJ McCollum,1610612757.0,Portland,Trail Blazers,POR,0,0,,,,,
317,0041400171,367,8,0,3,9:52 PM,2:33,SUB: Koufos FOR Gasol,,,,,4,201188,Marc Gasol,1610612763.0,Memphis,Grizzlies,MEM,4,201585,Kosta Koufos,1610612763.0,Memphis,Grizzlies,MEM,0,0,,,,,
318,0041400171,368,8,0,3,9:52 PM,2:33,,,SUB: Blake FOR Lillard,,,5,203081,Damian Lillard,1610612757.0,Portland,Trail Blazers,POR,5,2581,Steve Blake,1610612757.0,Portland,Trail Blazers,POR,0,0,,,,,
319,0041400171,370,8,0,3,9:53 PM,2:28,,,SUB: Leonard FOR Kaman,,,5,2549,Chris Kaman,1610612757.0,Portland,Trail Blazers,POR,5,203086,Meyers Leonard,1610612757.0,Portland,Trail Blazers,POR,0,0,,,,,
320,0041400171,371,2,1,3,9:53 PM,2:17,,,MISS Blake 26' 3PT Jump Shot,,,5,2581,Steve Blake,1610612757.0,Portland,Trail Blazers,POR,0,0,,,,,,0,0,,,,,
321,0041400171,372,4,0,3,9:53 PM,2:16,Randolph REBOUND (Off:3 Def:5),,,,,4,2216,Zach Randolph,1610612763.0,Memphis,Grizzlies,MEM,0,0,,,,,,0,0,,,,,
322,0041400171,373,2,41,3,9:53 PM,2:04,MISS Randolph 2' Running Layup,,,,,4,2216,Zach Randolph,1610612763.0,Memphis,Grizzlies,MEM,0,0,,,,,,0,0,,,,,
323,0041400171,374,4,0,3,9:53 PM,2:01,Randolph REBOUND (Off:4 Def:5),,,,,4,2216,Zach Randolph,1610612763.0,Memphis,Grizzlies,MEM,0,0,,,,,,0,0,,,,,
324,0041400171,375,6,1,3,9:54 PM,1:56,,,Aldridge P.FOUL (P3.PN) (E.Lewis),,,5,200746,LaMarcus Aldridge,1610612757.0,Portland,Trail Blazers,POR,4,2216,Zach Randolph,1610612763.0,Memphis,Grizzlies,MEM,1,0,,,,,
325,0041400171,376,3,11,3,9:54 PM,1:56,Randolph Free Throw 1 of 2 (13 PTS),,,53 - 81,28,4,2216,Zach Randolph,1610612763.0,Memphis,Grizzlies,MEM,0,0,,,,,,0,0,,,,,
326,0041400171,378,3,12,3,9:54 PM,1:56,Randolph Free Throw 2 of 2 (14 PTS),,,53 - 82,29,4,2216,Zach Randolph,1610612763.0,Memphis,Grizzlies,MEM,0,0,,,,,,0,0,,,,,
327,0041400171,380,1,5,3,9:55 PM,1:47,,,Aldridge 1' Layup (23 PTS) (Blake 3 AST),55 - 82,27,5,200746,LaMarcus Aldridge,1610612757.0,Portland,Trail Blazers,POR,5,2581,Steve Blake,1610612757.0,Portland,Trail Blazers,POR,0,0,,,,,
328,0041400171,381,6,2,3,9:55 PM,1:47,Allen S.FOUL (P1.PN) (E.Lewis),,,,,4,2754,Tony Allen,1610612763.0,Memphis,Grizzlies,MEM,5,200746,LaMarcus Aldridge,1610612757.0,Portland,Trail Blazers,POR,1,0,,,,,
329,0041400171,382,3,10,3,9:55 PM,1:47,,,Aldridge Free Throw 1 of 1 (24 PTS),56 - 82,26,5,200746,LaMarcus Aldridge,1610612757.0,Portland,Trail Blazers,POR,0,0,,,,,,0,0,,,,,
330,0041400171,384,2,46,3,9:55 PM,1:31,MISS Randolph 7' Running Jump Shot,,,,,4,2216,Zach Randolph,1610612763.0,Memphis,Grizzlies,MEM,0,0,,,,,,0,0,,,,,
331,0041400171,385,4,0,3,9:55 PM,1:29,,,Aldridge REBOUND (Off:3 Def:4),,,5,200746,LaMarcus Aldridge,1610612757.0,Portland,Trail Blazers,POR,0,0,,,,,,0,0,,,,,
332,0041400171,386,2,1,3,9:56 PM,1:23,,,MISS Aldridge 25' 3PT Jump Shot,,,5,200746,LaMarcus Aldridge,1610612757.0,Portland,Trail Blazers,POR,0,0,,,,,,0,0,,,,,
333,0041400171,387,4,0,3,9:56 PM,1:22,Udrih REBOUND (Off:1 Def:4),,,,,4,2757,Beno Udrih,1610612763.0,Memphis,Grizzlies,MEM,0,0,,,,,,0,0,,,,,
334,0041400171,388,1,5,3,9:56 PM,1:15,Udrih 1' Layup (17 PTS),,,56 - 84,28,4,2757,Beno Udrih,1610612763.0,Memphis,Grizzlies,MEM,0,0,,,,,,0,0,,,,,
335,0041400171,389,1,1,3,9:56 PM,0:56,,,Leonard 25' 3PT Jump Shot (3 PTS) (Blake 4 AST),59 - 84,25,5,203086,Meyers Leonard,1610612757.0,Portland,Trail Blazers,POR,5,2581,Steve Blake,1610612757.0,Portland,Trail Blazers,POR,0,0,,,,,
336,0041400171,390,6,1,3,9:56 PM,0:45,,,Leonard P.FOUL (P1.PN) (E.Lewis),,,5,203086,Meyers Leonard,1610612757.0,Portland,Trail Blazers,POR,4,2757,Beno Udrih,1610612763.0,Memphis,Grizzlies,MEM,1,0,,,,,
337,0041400171,391,3,11,3,9:57 PM,0:45,MISS Udrih Free Throw 1 of 2,,,,,4,2757,Beno Udrih,1610612763.0,Memphis,Grizzlies,MEM,0,0,,,,,,0,0,,,,,
338,0041400171,392,4,1,3,9:57 PM,0:45,GRIZZLIES Rebound,,,,,2,1610612763,,,,,,0,0,,,,,,0,0,,,,,
339,0041400171,393,8,0,3,9:57 PM,0:45,SUB: Green FOR Lee,,,,,4,201584,Courtney Lee,1610612763.0,Memphis,Grizzlies,MEM,4,201145,Jeff Green,1610612763.0,Memphis,Grizzlies,MEM,0,0,,,,,
340,0041400171,394,8,0,3,9:57 PM,0:45,,,SUB: Lillard FOR Crabbe,,,5,203459,Allen Crabbe,1610612757.0,Portland,Trail Blazers,POR,5,203081,Damian Lillard,1610612757.0,Portland,Trail Blazers,POR,0,0,,,,,
341,0041400171,395,3,12,3,9:57 PM,0:45,Udrih Free Throw 2 of 2 (18 PTS),,,59 - 85,26,4,2757,Beno Udrih,1610612763.0,Memphis,Grizzlies,MEM,0,0,,,,,,0,0,,,,,
342,0041400171,397,2,42,3,9:57 PM,0:30,,,MISS Lillard  Driving Layup,,,5,203081,Damian Lillard,1610612757.0,Portland,Trail Blazers,POR,0,0,,,,,,0,0,,,,,
343,0041400171,398,4,0,3,9:57 PM,0:28,,,Aldridge REBOUND (Off:4 Def:4),,,5,200746,LaMarcus Aldridge,1610612757.0,Portland,Trail Blazers,POR,0,0,,,,,,0,0,,,,,
344,0041400171,399,1,72,3,9:57 PM,0:28,,,Aldridge 1' Putback Layup (26 PTS),61 - 85,24,5,200746,LaMarcus Aldridge,1610612757.0,Portland,Trail Blazers,POR,0,0,,,,,,0,0,,,,,
345,0041400171,400,6,2,3,9:57 PM,0:28,Randolph S.FOUL (P3.PN) (E.Lewis),,,,,4,2216,Zach Randolph,1610612763.0,Memphis,Grizzlies,MEM,5,200746,LaMarcus Aldridge,1610612757.0,Portland,Trail Blazers,POR,1,0,,,,,
346,0041400171,401,8,0,3,9:58 PM,0:28,,,SUB: Crabbe FOR Lillard,,,5,203081,Damian Lillard,1610612757.0,Portland,Trail Blazers,POR,5,203459,Allen Crabbe,1610612757.0,Portland,Trail Blazers,POR,0,0,,,,,
347,0041400171,402,8,0,3,9:58 PM,0:28,SUB: Gasol FOR Randolph,,,,,4,2216,Zach Randolph,1610612763.0,Memphis,Grizzlies,MEM,4,201188,Marc Gasol,1610612763.0,Memphis,Grizzlies,MEM,0,0,,,,,
348,0041400171,403,3,10,3,9:58 PM,0:28,,,Aldridge Free Throw 1 of 1 (27 PTS),62 - 85,23,5,200746,LaMarcus Aldridge,1610612757.0,Portland,Trail Blazers,POR,0,0,,,,,,0,0,,,,,
349,0041400171,405,6,1,3,9:58 PM,0:14,,,Leonard P.FOUL (P2.PN) (E.Lewis),,,5,203086,Meyers Leonard,1610612757.0,Portland,Trail Blazers,POR,4,201585,Kosta Koufos,1610612763.0,Memphis,Grizzlies,MEM,1,0,,,,,
350,0041400171,406,3,11,3,9:59 PM,0:14,MISS Koufos Free Throw 1 of 2,,,,,4,201585,Kosta Koufos,1610612763.0,Memphis,Grizzlies,MEM,0,0,,,,,,0,0,,,,,
351,0041400171,407,4,1,3,9:59 PM,0:14,GRIZZLIES Rebound,,,,,2,1610612763,,,,,,0,0,,,,,,0,0,,,,,
352,0041400171,408,8,0,3,9:59 PM,0:14,,,SUB: Lillard FOR Crabbe,,,5,203459,Allen Crabbe,1610612757.0,Portland,Trail Blazers,POR,5,203081,Damian Lillard,1610612757.0,Portland,Trail Blazers,POR,0,0,,,,,
353,0041400171,409,3,12,3,9:59 PM,0:14,Koufos Free Throw 2 of 2 (3 PTS),,,62 - 86,24,4,201585,Kosta Koufos,1610612763.0,Memphis,Grizzlies,MEM,0,0,,,,,,0,0,,,,,
354,0041400171,411,2,46,3,9:59 PM,0:01,Koufos BLOCK (1 BLK),,MISS Aldridge 6' Running Jump Shot,,,5,200746,LaMarcus Aldridge,1610612757.0,Portland,Trail Blazers,POR,0,0,,,,,,4,201585,Kosta Koufos,1610612763.0,Memphis,Grizzlies,MEM
355,0041400171,413,4,0,3,9:59 PM,0:00,,,Trail Blazers Rebound,,,3,1610612757,,,,,,0,0,,,,,,0,0,,,,,
356,0041400171,412,13,0,3,9:59 PM,0:00,,,,62 - 86,24,0,0,,,,,,0,0,,,,,,0,0,,,,,
357,0041400171,415,12,0,4,10:03 PM,12:00,,,,62 - 86,24,0,0,,,,,,0,0,,,,,,0,0,,,,,
358,0041400171,416,6,1,4,10:03 PM,11:50,Koufos P.FOUL (P3.T1) (J.Capers),,,,,4,201585,Kosta Koufos,1610612763.0,Memphis,Grizzlies,MEM,5,203081,Damian Lillard,1610612757.0,Portland,Trail Blazers,POR,1,0,,,,,
359,0041400171,417,2,1,4,10:04 PM,11:45,,,MISS Lillard 26' 3PT Jump Shot,,,5,203081,Damian Lillard,1610612757.0,Portland,Trail Blazers,POR,0,0,,,,,,0,0,,,,,
360,0041400171,418,4,0,4,10:04 PM,11:44,Udrih REBOUND (Off:1 Def:5),,,,,4,2757,Beno Udrih,1610612763.0,Memphis,Grizzlies,MEM,0,0,,,,,,0,0,,,,,
361,0041400171,419,2,86,4,10:04 PM,11:26,MISS Green 9' Turnaround Fadeaway Shot,,,,,4,201145,Jeff Green,1610612763.0,Memphis,Grizzlies,MEM,0,0,,,,,,0,0,,,,,
362,0041400171,420,4,0,4,10:04 PM,11:26,,,Trail Blazers Rebound,,,3,1610612757,,,,,,0,0,,,,,,0,0,,,,,
363,0041400171,421,6,3,4,10:04 PM,11:24,Koufos L.B.FOUL (P4.T2) (J.Capers),,,,,4,201585,Kosta Koufos,1610612763.0,Memphis,Grizzlies,MEM,5,203086,Meyers Leonard,1610612757.0,Portland,Trail Blazers,POR,1,0,,,,,
364,0041400171,422,2,80,4,10:04 PM,11:13,,,MISS Aldridge 21' Step Back Jump Shot,,,5,200746,LaMarcus Aldridge,1610612757.0,Portland,Trail Blazers,POR,0,0,,,,,,0,0,,,,,
365,0041400171,423,4,0,4,10:05 PM,11:11,Allen REBOUND (Off:0 Def:3),,,,,4,2754,Tony Allen,1610612763.0,Memphis,Grizzlies,MEM,0,0,,,,,,0,0,,,,,
366,0041400171,424,2,46,4,10:05 PM,10:51,MISS Gasol 6' Running Jump Shot,,,,,4,201188,Marc Gasol,1610612763.0,Memphis,Grizzlies,MEM,0,0,,,,,,0,0,,,,,
367,0041400171,425,4,0,4,10:05 PM,10:49,,,Aldridge REBOUND (Off:4 Def:5),,,5,200746,LaMarcus Aldridge,1610612757.0,Portland,Trail Blazers,POR,0,0,,,,,,0,0,,,,,
368,0041400171,426,2,5,4,10:05 PM,10:33,,,MISS Aldridge 1' Layup,,,5,200746,LaMarcus Aldridge,1610612757.0,Portland,Trail Blazers,POR,0,0,,,,,,0,0,,,,,
369,0041400171,428,4,0,4,10:05 PM,10:32,,,Aldridge REBOUND (Off:5 Def:5),,,5,200746,LaMarcus Aldridge,1610612757.0,Portland,Trail Blazers,POR,0,0,,,,,,0,0,,,,,
370,0041400171,427,1,4,4,10:05 PM,10:32,,,Aldridge 2' Tip Shot (29 PTS),64 - 86,22,5,200746,LaMarcus Aldridge,1610612757.0,Portland,Trail Blazers,POR,0,0,,,,,,0,0,,,,,
371,0041400171,429,1,8,4,10:05 PM,10:15,Koufos  Slam Dunk (5 PTS) (Udrih 4 AST),,,64 - 88,24,4,201585,Kosta Koufos,1610612763.0,Memphis,Grizzlies,MEM,4,2757,Beno Udrih,1610612763.0,Memphis,Grizzlies,MEM,0,0,,,,,
372,0041400171,430,2,5,4,10:06 PM,10:05,Koufos BLOCK (2 BLK),,MISS McCollum 2' Layup,,,5,203468,CJ McCollum,1610612757.0,Portland,Trail Blazers,POR,0,0,,,,,,4,201585,Kosta Koufos,1610612763.0,Memphis,Grizzlies,MEM
373,0041400171,432,4,0,4,10:06 PM,10:02,,,Aldridge REBOUND (Off:6 Def:5),,,5,200746,LaMarcus Aldridge,1610612757.0,Portland,Trail Blazers,POR,0,0,,,,,,0,0,,,,,
374,0041400171,431,2,4,4,10:06 PM,10:02,,,MISS Aldridge 3' Tip Shot,,,5,200746,LaMarcus Aldridge,1610612757.0,Portland,Trail Blazers,POR,0,0,,,,,,0,0,,,,,
375,0041400171,434,4,0,4,10:06 PM,10:01,,,Aldridge REBOUND (Off:7 Def:5),,,5,200746,LaMarcus Aldridge,1610612757.0,Portland,Trail Blazers,POR,0,0,,,,,,0,0,,,,,
376,0041400171,433,2,4,4,10:06 PM,10:01,,,MISS Aldridge 1' Tip Shot,,,5,200746,LaMarcus Aldridge,1610612757.0,Portland,Trail Blazers,POR,0,0,,,,,,0,0,,,,,
377,0041400171,435,4,0,4,10:06 PM,9:59,Green REBOUND (Off:0 Def:6),,,,,4,201145,Jeff Green,1610612763.0,Memphis,Grizzlies,MEM,0,0,,,,,,0,0,,,,,
378,0041400171,436,1,79,4,10:06 PM,9:51,Udrih 2' Pullup Jump Shot (20 PTS),,,64 - 90,26,4,2757,Beno Udrih,1610612763.0,Memphis,Grizzlies,MEM,0,0,,,,,,0,0,,,,,
379,0041400171,437,2,5,4,10:06 PM,9:37,Allen BLOCK (1 BLK),,MISS Lillard  Layup,,,5,203081,Damian Lillard,1610612757.0,Portland,Trail Blazers,POR,0,0,,,,,,4,2754,Tony Allen,1610612763.0,Memphis,Grizzlies,MEM
380,0041400171,438,4,0,4,10:06 PM,9:37,,,Trail Blazers Rebound,,,3,1610612757,,,,,,0,0,,,,,,0,0,,,,,
381,0041400171,439,6,2,4,10:06 PM,9:37,Allen S.FOUL (P2.T3) (J.Capers),,,,,4,2754,Tony Allen,1610612763.0,Memphis,Grizzlies,MEM,5,203081,Damian Lillard,1610612757.0,Portland,Trail Blazers,POR,1,0,,,,,
382,0041400171,440,3,11,4,10:07 PM,9:37,,,Lillard Free Throw 1 of 2 (10 PTS),65 - 90,25,5,203081,Damian Lillard,1610612757.0,Portland,Trail Blazers,POR,0,0,,,,,,0,0,,,,,
383,0041400171,441,3,12,4,10:07 PM,9:37,,,Lillard Free Throw 2 of 2 (11 PTS),66 - 90,24,5,203081,Damian Lillard,1610612757.0,Portland,Trail Blazers,POR,0,0,,,,,,0,0,,,,,
384,0041400171,443,2,79,4,10:07 PM,9:17,MISS Green 14' Pullup Jump Shot,,,,,4,201145,Jeff Green,1610612763.0,Memphis,Grizzlies,MEM,0,0,,,,,,0,0,,,,,
385,0041400171,444,4,0,4,10:07 PM,9:15,,,Batum REBOUND (Off:2 Def:5),,,5,201587,Nicolas Batum,1610612757.0,Portland,Trail Blazers,POR,0,0,,,,,,0,0,,,,,
386,0041400171,445,2,42,4,10:07 PM,9:11,Koufos BLOCK (3 BLK),,MISS McCollum 1' Driving Layup,,,5,203468,CJ McCollum,1610612757.0,Portland,Trail Blazers,POR,0,0,,,,,,4,201585,Kosta Koufos,1610612763.0,Memphis,Grizzlies,MEM
387,0041400171,446,4,0,4,10:08 PM,9:07,Koufos REBOUND (Off:1 Def:2),,,,,4,201585,Kosta Koufos,1610612763.0,Memphis,Grizzlies,MEM,0,0,,,,,,0,0,,,,,
388,0041400171,447,2,1,4,10:08 PM,8:57,MISS Green 5' Jump Shot,,,,,4,201145,Jeff Green,1610612763.0,Memphis,Grizzlies,MEM,0,0,,,,,,0,0,,,,,
389,0041400171,448,4,0,4,10:08 PM,8:55,,,Leonard REBOUND (Off:0 Def:2),,,5,203086,Meyers Leonard,1610612757.0,Portland,Trail Blazers,POR,0,0,,,,,,0,0,,,,,
390,0041400171,449,1,1,4,10:08 PM,8:38,,,Leonard 24' 3PT Jump Shot (6 PTS) (Aldridge 1 AST),69 - 90,21,5,203086,Meyers Leonard,1610612757.0,Portland,Trail Blazers,POR,5,200746,LaMarcus Aldridge,1610612757.0,Portland,Trail Blazers,POR,0,0,,,,,
391,0041400171,450,2,1,4,10:08 PM,8:19,MISS Gasol 18' Jump Shot,,,,,4,201188,Marc Gasol,1610612763.0,Memphis,Grizzlies,MEM,0,0,,,,,,0,0,,,,,
392,0041400171,451,4,0,4,10:08 PM,8:18,,,Lillard REBOUND (Off:1 Def:7),,,5,203081,Damian Lillard,1610612757.0,Portland,Trail Blazers,POR,0,0,,,,,,0,0,,,,,
393,0041400171,452,1,42,4,10:09 PM,8:11,,,Lillard 1' Driving Layup (13 PTS),71 - 90,19,5,203081,Damian Lillard,1610612757.0,Portland,Trail Blazers,POR,0,0,,,,,,0,0,,,,,
394,0041400171,453,6,2,4,10:09 PM,8:11,Udrih S.FOUL (P1.T4) (J.Capers),,,,,4,2757,Beno Udrih,1610612763.0,Memphis,Grizzlies,MEM,5,203081,Damian Lillard,1610612757.0,Portland,Trail Blazers,POR,1,0,,,,,
395,0041400171,454,9,1,4,10:09 PM,8:11,,,,,,1,0,,,,,,0,0,,,,,,0,0,,,,,
396,0041400171,456,8,0,4,10:11 PM,8:11,SUB: Carter FOR Green,,,,,4,201145,Jeff Green,1610612763.0,Memphis,Grizzlies,MEM,4,1713,Vince Carter,1610612763.0,Memphis,Grizzlies,MEM,0,0,,,,,
397,0041400171,457,8,0,4,10:11 PM,8:11,SUB: Randolph FOR Koufos,,,,,4,201585,Kosta Koufos,1610612763.0,Memphis,Grizzlies,MEM,4,2216,Zach Randolph,1610612763.0,Memphis,Grizzlies,MEM,0,0,,,,,
398,0041400171,458,3,10,4,10:12 PM,8:11,,,Lillard Free Throw 1 of 1 (14 PTS),72 - 90,18,5,203081,Damian Lillard,1610612757.0,Portland,Trail Blazers,POR,0,0,,,,,,0,0,,,,,
399,0041400171,460,6,1,4,10:12 PM,8:01,,,Batum P.FOUL (P4.T1) (J.Capers),,,5,201587,Nicolas Batum,1610612757.0,Portland,Trail Blazers,POR,4,1713,Vince Carter,1610612763.0,Memphis,Grizzlies,MEM,1,0,,,,,
400,0041400171,461,2,42,4,10:12 PM,7:55,MISS Udrih 1' Driving Layup,,McCollum BLOCK (1 BLK),,,4,2757,Beno Udrih,1610612763.0,Memphis,Grizzlies,MEM,0,0,,,,,,5,203468,CJ McCollum,1610612757.0,Portland,Trail Blazers,POR
401,0041400171,463,4,0,4,10:13 PM,7:52,Gasol REBOUND (Off:2 Def:8),,,,,4,201188,Marc Gasol,1610612763.0,Memphis,Grizzlies,MEM,0,0,,,,,,0,0,,,,,
402,0041400171,462,2,4,4,10:13 PM,7:52,MISS Gasol  Tip Shot,,,,,4,201188,Marc Gasol,1610612763.0,Memphis,Grizzlies,MEM,0,0,,,,,,0,0,,,,,
403,0041400171,464,4,0,4,10:13 PM,7:50,,,Aldridge REBOUND (Off:7 Def:6),,,5,200746,LaMarcus Aldridge,1610612757.0,Portland,Trail Blazers,POR,0,0,,,,,,0,0,,,,,
404,0041400171,465,2,5,4,10:13 PM,7:44,Gasol BLOCK (3 BLK),,MISS Lillard 1' Layup,,,5,203081,Damian Lillard,1610612757.0,Portland,Trail Blazers,POR,0,0,,,,,,4,201188,Marc Gasol,1610612763.0,Memphis,Grizzlies,MEM
405,0041400171,466,4,0,4,10:13 PM,7:42,Udrih REBOUND (Off:1 Def:6),,,,,4,2757,Beno Udrih,1610612763.0,Memphis,Grizzlies,MEM,0,0,,,,,,0,0,,,,,
406,0041400171,467,1,8,4,10:13 PM,7:37,Allen  Slam Dunk (2 PTS) (Udrih 5 AST),,,72 - 92,20,4,2754,Tony Allen,1610612763.0,Memphis,Grizzlies,MEM,4,2757,Beno Udrih,1610612763.0,Memphis,Grizzlies,MEM,0,0,,,,,
407,0041400171,469,2,1,4,10:13 PM,7:15,,,MISS Aldridge 27' 3PT Jump Shot,,,5,200746,LaMarcus Aldridge,1610612757.0,Portland,Trail Blazers,POR,0,0,,,,,,0,0,,,,,
408,0041400171,470,4,0,4,10:13 PM,7:15,GRIZZLIES Rebound,,,,,2,1610612763,,,,,,0,0,,,,,,0,0,,,,,
409,0041400171,471,2,1,4,10:14 PM,7:01,MISS Carter 25' 3PT Jump Shot,,,,,4,1713,Vince Carter,1610612763.0,Memphis,Grizzlies,MEM,0,0,,,,,,0,0,,,,,
410,0041400171,472,4,0,4,10:14 PM,7:00,,,Leonard REBOUND (Off:0 Def:3),,,5,203086,Meyers Leonard,1610612757.0,Portland,Trail Blazers,POR,0,0,,,,,,0,0,,,,,
411,0041400171,473,5,1,4,10:14 PM,6:47,Allen STEAL (3 STL),,McCollum Bad Pass Turnover (P1.T9),,,5,203468,CJ McCollum,1610612757.0,Portland,Trail Blazers,POR,4,2754,Tony Allen,1610612763.0,Memphis,Grizzlies,MEM,0,0,,,,,
412,0041400171,474,1,63,4,10:14 PM,6:28,Randolph 16' Fadeaway Jumper (16 PTS) (Udrih 6 AST),,,72 - 94,22,4,2216,Zach Randolph,1610612763.0,Memphis,Grizzlies,MEM,4,2757,Beno Udrih,1610612763.0,Memphis,Grizzlies,MEM,0,0,,,,,
413,0041400171,475,6,1,4,10:15 PM,6:17,Carter P.FOUL (P3.PN) (E.Lewis),,,,,4,1713,Vince Carter,1610612763.0,Memphis,Grizzlies,MEM,5,201587,Nicolas Batum,1610612757.0,Portland,Trail Blazers,POR,1,0,,,,,
414,0041400171,476,3,11,4,10:15 PM,6:17,,,Batum Free Throw 1 of 2 (11 PTS),73 - 94,21,5,201587,Nicolas Batum,1610612757.0,Portland,Trail Blazers,POR,0,0,,,,,,0,0,,,,,
415,0041400171,478,3,12,4,10:15 PM,6:17,,,Batum Free Throw 2 of 2 (12 PTS),74 - 94,20,5,201587,Nicolas Batum,1610612757.0,Portland,Trail Blazers,POR,0,0,,,,,,0,0,,,,,
416,0041400171,480,2,1,4,10:16 PM,6:00,MISS Carter 25' 3PT Jump Shot,,,,,4,1713,Vince Carter,1610612763.0,Memphis,Grizzlies,MEM,0,0,,,,,,0,0,,,,,
417,0041400171,481,4,0,4,10:16 PM,5:59,,,Leonard REBOUND (Off:0 Def:4),,,5,203086,Meyers Leonard,1610612757.0,Portland,Trail Blazers,POR,0,0,,,,,,0,0,,,,,
418,0041400171,482,2,1,4,10:16 PM,5:51,,,MISS Aldridge 21' Jump Shot,,,5,200746,LaMarcus Aldridge,1610612757.0,Portland,Trail Blazers,POR,0,0,,,,,,0,0,,,,,
419,0041400171,483,4,0,4,10:16 PM,5:50,GRIZZLIES Rebound,,,,,2,1610612763,,,,,,0,0,,,,,,0,0,,,,,
420,0041400171,484,6,3,4,10:16 PM,5:50,,,Leonard L.B.FOUL (P3.T2) (J.Capers),,,5,203086,Meyers Leonard,1610612757.0,Portland,Trail Blazers,POR,4,2216,Zach Randolph,1610612763.0,Memphis,Grizzlies,MEM,1,0,,,,,
421,0041400171,486,9,1,4,10:16 PM,5:50,GRIZZLIES Timeout: Regular (Full 4 Short 0),,,,,2,1610612763,,,,,,0,0,,,,,,0,0,,,,,
422,0041400171,487,5,8,4,10:20 PM,5:33,Gasol 3 Second Violation Turnover (P1.T5),,,,,4,201188,Marc Gasol,1610612763.0,Memphis,Grizzlies,MEM,0,0,,,,,,1,0,,,,,
423,0041400171,488,1,1,4,10:20 PM,5:15,,,Batum 25' 3PT Jump Shot (15 PTS) (Leonard 1 AST),77 - 94,17,5,201587,Nicolas Batum,1610612757.0,Portland,Trail Blazers,POR,5,203086,Meyers Leonard,1610612757.0,Portland,Trail Blazers,POR,0,0,,,,,
424,0041400171,489,1,5,4,10:21 PM,5:00,Allen 1' Layup (4 PTS) (Gasol 7 AST),,,77 - 96,19,4,2754,Tony Allen,1610612763.0,Memphis,Grizzlies,MEM,4,201188,Marc Gasol,1610612763.0,Memphis,Grizzlies,MEM,0,0,,,,,
425,0041400171,490,6,2,4,10:21 PM,5:00,,,McCollum S.FOUL (P3.T3) (E.Lewis),,,5,203468,CJ McCollum,1610612757.0,Portland,Trail Blazers,POR,4,2754,Tony Allen,1610612763.0,Memphis,Grizzlies,MEM,1,0,,,,,
426,0041400171,491,3,10,4,10:21 PM,5:00,MISS Allen Free Throw 1 of 1,,,,,4,2754,Tony Allen,1610612763.0,Memphis,Grizzlies,MEM,0,0,,,,,,0,0,,,,,
427,0041400171,493,4,0,4,10:21 PM,4:59,,,Leonard REBOUND (Off:0 Def:5),,,5,203086,Meyers Leonard,1610612757.0,Portland,Trail Blazers,POR,0,0,,,,,,0,0,,,,,
428,0041400171,494,2,1,4,10:21 PM,4:48,,,MISS Batum 25' 3PT Jump Shot,,,5,201587,Nicolas Batum,1610612757.0,Portland,Trail Blazers,POR,0,0,,,,,,0,0,,,,,
429,0041400171,495,4,0,4,10:21 PM,4:47,Randolph REBOUND (Off:4 Def:6),,,,,4,2216,Zach Randolph,1610612763.0,Memphis,Grizzlies,MEM,0,0,,,,,,0,0,,,,,
430,0041400171,496,6,1,4,10:22 PM,4:40,,,Leonard P.FOUL (P4.T4) (T.Washington),,,5,203086,Meyers Leonard,1610612757.0,Portland,Trail Blazers,POR,4,1713,Vince Carter,1610612763.0,Memphis,Grizzlies,MEM,1,0,,,,,
431,0041400171,497,2,47,4,10:22 PM,4:27,MISS Randolph 5' Turnaround Jump Shot,,Aldridge BLOCK (4 BLK),,,4,2216,Zach Randolph,1610612763.0,Memphis,Grizzlies,MEM,0,0,,,,,,5,200746,LaMarcus Aldridge,1610612757.0,Portland,Trail Blazers,POR
432,0041400171,498,4,0,4,10:22 PM,4:27,GRIZZLIES Rebound,,,,,2,1610612763,,,,,,0,0,,,,,,0,0,,,,,
433,0041400171,499,2,1,4,10:22 PM,4:25,MISS Udrih 6' Jump Shot,,,,,4,2757,Beno Udrih,1610612763.0,Memphis,Grizzlies,MEM,0,0,,,,,,0,0,,,,,
434,0041400171,500,4,0,4,10:22 PM,4:24,,,Leonard REBOUND (Off:0 Def:6),,,5,203086,Meyers Leonard,1610612757.0,Portland,Trail Blazers,POR,0,0,,,,,,0,0,,,,,
435,0041400171,501,5,2,4,10:23 PM,4:12,Gasol STEAL (1 STL),,Aldridge Lost Ball Turnover (P2.T10),,,5,200746,LaMarcus Aldridge,1610612757.0,Portland,Trail Blazers,POR,4,201188,Marc Gasol,1610612763.0,Memphis,Grizzlies,MEM,0,0,,,,,
436,0041400171,502,2,63,4,10:23 PM,3:54,MISS Randolph 15' Fadeaway Jumper,,,,,4,2216,Zach Randolph,1610612763.0,Memphis,Grizzlies,MEM,0,0,,,,,,0,0,,,,,
437,0041400171,503,4,0,4,10:23 PM,3:52,,,Leonard REBOUND (Off:0 Def:7),,,5,203086,Meyers Leonard,1610612757.0,Portland,Trail Blazers,POR,0,0,,,,,,0,0,,,,,
438,0041400171,504,5,1,4,10:23 PM,3:51,,,Leonard Bad Pass Turnover (P1.T11),,,5,203086,Meyers Leonard,1610612757.0,Portland,Trail Blazers,POR,0,0,,,,,,0,0,,,,,
439,0041400171,505,2,1,4,10:23 PM,3:46,MISS Udrih 17' Jump Shot,,,,,4,2757,Beno Udrih,1610612763.0,Memphis,Grizzlies,MEM,0,0,,,,,,0,0,,,,,
440,0041400171,506,4,0,4,10:23 PM,3:45,GRIZZLIES Rebound,,,,,2,1610612763,,,,,,0,0,,,,,,0,0,,,,,
441,0041400171,507,2,41,4,10:24 PM,3:30,MISS Gasol 2' Running Layup,,Leonard BLOCK (2 BLK),,,4,201188,Marc Gasol,1610612763.0,Memphis,Grizzlies,MEM,0,0,,,,,,5,203086,Meyers Leonard,1610612757.0,Portland,Trail Blazers,POR
442,0041400171,508,4,0,4,10:24 PM,3:28,,,Aldridge REBOUND (Off:7 Def:7),,,5,200746,LaMarcus Aldridge,1610612757.0,Portland,Trail Blazers,POR,0,0,,,,,,0,0,,,,,
443,0041400171,509,1,1,4,10:24 PM,3:19,,,Aldridge 26' 3PT Jump Shot (32 PTS) (Batum 4 AST),80 - 96,16,5,200746,LaMarcus Aldridge,1610612757.0,Portland,Trail Blazers,POR,5,201587,Nicolas Batum,1610612757.0,Portland,Trail Blazers,POR,0,0,,,,,
444,0041400171,510,1,1,4,10:24 PM,3:03,Gasol 15' Jump Shot (15 PTS) (Udrih 7 AST),,,80 - 98,18,4,201188,Marc Gasol,1610612763.0,Memphis,Grizzlies,MEM,4,2757,Beno Udrih,1610612763.0,Memphis,Grizzlies,MEM,0,0,,,,,
445,0041400171,512,9,1,4,10:24 PM,3:02,,,Trail Blazers Timeout: Regular (Reg.4 Short 1),,,3,1610612757,,,,,,0,0,,,,,,0,0,,,,,
446,0041400171,514,8,0,4,10:27 PM,3:02,,,SUB: Freeland FOR Batum,,,5,201587,Nicolas Batum,1610612757.0,Portland,Trail Blazers,POR,5,200777,Joel Freeland,1610612757.0,Portland,Trail Blazers,POR,0,0,,,,,
447,0041400171,515,8,0,4,10:27 PM,3:02,,,SUB: Crabbe FOR Aldridge,,,5,200746,LaMarcus Aldridge,1610612757.0,Portland,Trail Blazers,POR,5,203459,Allen Crabbe,1610612757.0,Portland,Trail Blazers,POR,0,0,,,,,
448,0041400171,516,8,0,4,10:27 PM,3:02,,,SUB: Gee FOR McCollum,,,5,203468,CJ McCollum,1610612757.0,Portland,Trail Blazers,POR,5,202087,Alonzo Gee,1610612757.0,Portland,Trail Blazers,POR,0,0,,,,,
449,0041400171,517,8,0,4,10:27 PM,3:02,,,SUB: Frazier FOR Lillard,,,5,203081,Damian Lillard,1610612757.0,Portland,Trail Blazers,POR,5,204025,Tim Frazier,1610612757.0,Portland,Trail Blazers,POR,0,0,,,,,
450,0041400171,518,8,0,4,10:27 PM,3:02,SUB: Calathes FOR Allen,,,,,4,2754,Tony Allen,1610612763.0,Memphis,Grizzlies,MEM,4,201979,Nick Calathes,1610612763.0,Memphis,Grizzlies,MEM,0,0,,,,,
451,0041400171,519,6,1,4,10:27 PM,2:50,Gasol P.FOUL (P3.PN) (J.Capers),,,,,4,201188,Marc Gasol,1610612763.0,Memphis,Grizzlies,MEM,5,203086,Meyers Leonard,1610612757.0,Portland,Trail Blazers,POR,1,0,,,,,
452,0041400171,520,3,11,4,10:28 PM,2:50,,,Leonard Free Throw 1 of 2 (7 PTS),81 - 98,17,5,203086,Meyers Leonard,1610612757.0,Portland,Trail Blazers,POR,0,0,,,,,,0,0,,,,,
453,0041400171,522,3,12,4,10:28 PM,2:50,,,MISS Leonard Free Throw 2 of 2,,,5,203086,Meyers Leonard,1610612757.0,Portland,Trail Blazers,POR,0,0,,,,,,0,0,,,,,
454,0041400171,524,4,0,4,10:28 PM,2:49,Carter REBOUND (Off:0 Def:2),,,,,4,1713,Vince Carter,1610612763.0,Memphis,Grizzlies,MEM,0,0,,,,,,0,0,,,,,
455,0041400171,525,2,8,4,10:28 PM,2:37,MISS Carter  Slam Dunk,,,,,4,1713,Vince Carter,1610612763.0,Memphis,Grizzlies,MEM,0,0,,,,,,0,0,,,,,
456,0041400171,526,4,0,4,10:28 PM,2:35,,,Gee REBOUND (Off:0 Def:1),,,5,202087,Alonzo Gee,1610612757.0,Portland,Trail Blazers,POR,0,0,,,,,,0,0,,,,,
457,0041400171,527,1,1,4,10:28 PM,2:29,,,Crabbe 25' 3PT Jump Shot (5 PTS) (Gee 1 AST),84 - 98,14,5,203459,Allen Crabbe,1610612757.0,Portland,Trail Blazers,POR,5,202087,Alonzo Gee,1610612757.0,Portland,Trail Blazers,POR,0,0,,,,,
458,0041400171,528,2,44,4,10:29 PM,2:05,MISS Udrih 3' Reverse Layup,,,,,4,2757,Beno Udrih,1610612763.0,Memphis,Grizzlies,MEM,0,0,,,,,,0,0,,,,,
459,0041400171,529,4,0,4,10:29 PM,2:04,,,Leonard REBOUND (Off:0 Def:8),,,5,203086,Meyers Leonard,1610612757.0,Portland,Trail Blazers,POR,0,0,,,,,,0,0,,,,,
460,0041400171,531,2,1,4,10:29 PM,1:52,,,MISS Leonard 22' Jump Shot,,,5,203086,Meyers Leonard,1610612757.0,Portland,Trail Blazers,POR,0,0,,,,,,0,0,,,,,
461,0041400171,532,4,0,4,10:29 PM,1:51,Randolph REBOUND (Off:4 Def:7),,,,,4,2216,Zach Randolph,1610612763.0,Memphis,Grizzlies,MEM,0,0,,,,,,0,0,,,,,
462,0041400171,533,2,1,4,10:29 PM,1:38,MISS Randolph 26' 3PT Jump Shot,,,,,4,2216,Zach Randolph,1610612763.0,Memphis,Grizzlies,MEM,0,0,,,,,,0,0,,,,,
463,0041400171,534,4,0,4,10:29 PM,1:37,,,Leonard REBOUND (Off:0 Def:9),,,5,203086,Meyers Leonard,1610612757.0,Portland,Trail Blazers,POR,0,0,,,,,,0,0,,,,,
464,0041400171,535,5,2,4,10:30 PM,1:35,Calathes STEAL (1 STL),,Leonard Lost Ball Turnover (P2.T12),,,5,203086,Meyers Leonard,1610612757.0,Portland,Trail Blazers,POR,4,201979,Nick Calathes,1610612763.0,Memphis,Grizzlies,MEM,0,0,,,,,
465,0041400171,536,5,1,4,10:30 PM,1:32,Calathes Bad Pass Turnover (P1.T6),,Freeland STEAL (1 STL),,,4,201979,Nick Calathes,1610612763.0,Memphis,Grizzlies,MEM,5,200777,Joel Freeland,1610612757.0,Portland,Trail Blazers,POR,0,0,,,,,
466,0041400171,537,2,44,4,10:30 PM,1:26,,,MISS Frazier  Reverse Layup,,,5,204025,Tim Frazier,1610612757.0,Portland,Trail Blazers,POR,0,0,,,,,,0,0,,,,,
467,0041400171,538,4,0,4,10:30 PM,1:23,Gasol REBOUND (Off:2 Def:9),,,,,4,201188,Marc Gasol,1610612763.0,Memphis,Grizzlies,MEM,0,0,,,,,,0,0,,,,,
468,0041400171,539,9,2,4,10:30 PM,1:23,GRIZZLIES Timeout: Short (Full 4 Short 1),,,,,2,1610612763,,,,,,0,0,,,,,,0,0,,,,,
469,0041400171,541,8,0,4,10:31 PM,1:23,SUB: Leuer FOR Randolph,,,,,4,2216,Zach Randolph,1610612763.0,Memphis,Grizzlies,MEM,4,202720,Jon Leuer,1610612763.0,Memphis,Grizzlies,MEM,0,0,,,,,
470,0041400171,542,8,0,4,10:31 PM,1:23,SUB: Adams FOR Gasol,,,,,4,201188,Marc Gasol,1610612763.0,Memphis,Grizzlies,MEM,4,203919,Jordan Adams,1610612763.0,Memphis,Grizzlies,MEM,0,0,,,,,
471,0041400171,543,8,0,4,10:31 PM,1:23,SUB: Green FOR Carter,,,,,4,1713,Vince Carter,1610612763.0,Memphis,Grizzlies,MEM,4,203210,JaMychal Green,1610612763.0,Memphis,Grizzlies,MEM,0,0,,,,,
472,0041400171,544,5,1,4,10:31 PM,1:12,Calathes Bad Pass Turnover (P2.T7),,Leonard STEAL (1 STL),,,4,201979,Nick Calathes,1610612763.0,Memphis,Grizzlies,MEM,5,203086,Meyers Leonard,1610612757.0,Portland,Trail Blazers,POR,0,0,,,,,
473,0041400171,545,5,2,4,10:31 PM,1:09,Adams STEAL (1 STL),,Frazier Lost Ball Turnover (P1.T13),,,5,204025,Tim Frazier,1610612757.0,Portland,Trail Blazers,POR,4,203919,Jordan Adams,1610612763.0,Memphis,Grizzlies,MEM,0,0,,,,,
474,0041400171,546,1,78,4,10:31 PM,0:56,Calathes 10' Floating Jump Shot (2 PTS),,,84 - 100,16,4,201979,Nick Calathes,1610612763.0,Memphis,Grizzlies,MEM,0,0,,,,,,0,0,,,,,
475,0041400171,547,2,1,4,10:32 PM,0:41,,,MISS Leonard 25' 3PT Jump Shot,,,5,203086,Meyers Leonard,1610612757.0,Portland,Trail Blazers,POR,0,0,,,,,,0,0,,,,,
476,0041400171,548,4,0,4,10:32 PM,0:40,Leuer REBOUND (Off:0 Def:1),,,,,4,202720,Jon Leuer,1610612763.0,Memphis,Grizzlies,MEM,0,0,,,,,,0,0,,,,,
477,0041400171,549,5,2,4,10:32 PM,0:20,Calathes Lost Ball Turnover (P3.T8),,Crabbe STEAL (2 STL),,,4,201979,Nick Calathes,1610612763.0,Memphis,Grizzlies,MEM,5,203459,Allen Crabbe,1610612757.0,Portland,Trail Blazers,POR,0,0,,,,,
478,0041400171,550,1,7,4,10:32 PM,0:17,,,Crabbe  Dunk (7 PTS) (Leonard 2 AST),86 - 100,14,5,203459,Allen Crabbe,1610612757.0,Portland,Trail Blazers,POR,5,203086,Meyers Leonard,1610612757.0,Portland,Trail Blazers,POR,0,0,,,,,
479,0041400171,552,13,0,4,10:32 PM,0:00,,,,86 - 100,14,0,0,,,,,,0,0,,,,,,0,0,,,,,
